204 0.251307
204 0.252644
204 0.232800
204 0.253669
204 0.239154
204 0.238521
204 0.347048
204 0.322941
204 0.326652
204 0.329031
204 0.423511
204 0.419474
204 0.420876
204 0.420418
204 0.408767
204 0.524032
204 0.523362
204 0.527281
204 0.611949
204 0.620678
204 0.619853
204 0.620647
204 0.623182
204 0.615019
204 0.715655
204 0.713188
204 0.817955
204 0.814004
204 0.811322
204 0.818942
204 0.914552
204 0.915150
204 0.914052
204 0.911356
204 1.019814
204 1.015814
204 1.018074
204 1.013087
204 1.104634
204 1.105485
204 1.113541
204 1.114992
204 1.113468
204 1.209742
204 1.221244
204 1.217238
204 1.214944
204 0.574326
204 1.306207
204 0.577097
204 1.402531
204 1.408773
204 1.405018
204 0.444460
204 1.501994
204 1.505382
204 1.508754
204 1.524498
204 1.510169
204 1.377274
204 1.606270
204 1.377345
204 1.480561
204 1.478618
204 1.479980
204 1.391720
204 1.574968
204 1.488039
204 1.381210
204 1.382764
204 1.486332
204 1.486229
204 1.486957
204 1.385146
204 1.592955
204 1.383266
204 1.381184
204 0.592106
204 1.479738
204 1.583363
204 1.485146
204 1.484659
204 2.122335
204 1.419602
204 1.609566
204 1.609525
204 1.419704
204 1.485498
204 1.481141
204 2.417683
204 1.482101
204 1.482070
204 1.591837
204 2.508375
204 1.574215
204 1.574258
204 1.574532
204 1.671894
204 1.489757
204 1.600558
204 1.602384
204 1.608978
204 1.689774
204 1.577177
204 1.582714
204 1.578645
204 1.589529
204 1.677387
204 1.497480
204 1.688697
204 2.579009
204 1.689379
204 1.592526
204 1.583144
204 1.620376
204 1.588558
204 1.589107
204 1.587378
204 0.489320
204 1.586052
204 1.587582
204 1.687191
204 1.485381
204 1.483445
204 1.582313
204 1.592472
204 1.477809
204 1.684900
204 1.591151
204 1.586574
204 1.775739
204 1.680946
204 1.672647
204 1.673204
204 1.577396
204 0.492358
204 1.582648
204 1.572361
204 1.773393
204 1.576800
204 1.578062
204 1.578062
204 1.681828
204 1.554058
204 1.554043
204 1.496357
204 1.554306
204 0.474686
204 1.642748
204 1.484713
204 1.580986
204 1.581231
204 1.581619
204 1.393609
204 1.395071
204 2.393528
204 1.481218
204 1.481170
204 1.372420
204 1.372731
204 1.587045
204 1.286133
204 1.379837
204 1.483706
204 1.484707
204 1.484734
204 1.380518
204 1.487838
204 1.385954
204 1.450170
204 1.450997
204 1.479711
204 1.387547
204 2.477304
204 1.488114
204 1.486397
204 1.488118
204 1.487386
204 1.385308
204 1.480236
204 1.385258
204 1.386574
204 1.379304
204 2.379323
204 1.582696
204 1.293236
204 1.582720
204 1.386357
204 1.385920
204 1.480322
204 1.391932
204 1.286801
204 1.384638
204 1.282989
204 1.384665
204 1.382740
204 2.274932
204 1.388071
204 1.385336
204 1.381316
204 1.280601
204 1.389560
204 1.388233
204 1.378330
204 1.380412
204 1.380477
204 1.484621
204 1.283274
204 1.285144
204 1.283760
204 1.395418
204 1.387137
204 1.395444
204 1.197116
204 1.095046
204 1.386264
204 1.386393
204 1.296914
204 1.386328
204 1.193181
204 1.192289
204 1.388913
204 1.380080
204 1.119702
204 1.484803
204 1.486000
204 1.084527
204 1.289866
204 1.390860
204 1.391882
204 1.225055
204 1.393583
204 1.294732
204 1.190685
204 1.297273
204 1.296091
204 1.285334
204 1.079879
204 1.190141
204 1.081594
204 1.191521
204 1.288460
204 1.288824
204 1.087771
204 0.983186
204 1.177668
204 1.179419
204 1.290079
204 1.180037
204 1.087235
204 1.082123
204 1.276316
204 1.184399
204 1.082626
204 1.186265
204 1.082892
204 0.981749
204 1.180397
204 0.278180
204 1.084034
204 1.182194
204 1.186986
204 1.186660
204 1.188910
204 1.084899
204 1.084869
204 1.070990
204 1.072256
204 1.073312
204 1.072714
204 1.072515
204 1.072166
204 1.183733
204 1.073416
204 0.980968
204 1.080093
204 0.988085
204 0.988568
204 0.382968
204 1.084014
204 1.183482
204 1.179494
204 1.278916
204 1.279020
204 1.085067
204 1.180236
204 1.082434
204 1.083604
204 1.083076
204 0.981927
204 1.083745
204 1.085064
204 1.078062
204 1.180499
204 0.975174
204 0.975198
204 1.080073
204 0.978972
204 1.080545
204 0.980539
204 1.075577
204 1.982167
204 1.076468
204 1.079875
204 1.081472
204 1.084091
204 1.275464
204 1.079831
204 1.080134
204 1.080639
204 1.180092
204 1.182397
204 1.179943
204 1.081693
204 1.176922
204 1.076927
204 1.079168
204 1.080433
204 1.179086
204 0.285265
204 1.083848
204 1.181887
204 1.787822
204 0.482166
204 1.183315
204 1.085224
204 1.088697
204 1.086695
204 1.088064
204 1.085720
204 1.180332
204 1.180214
204 0.980239
204 1.181168
204 0.980556
204 0.289000
204 0.981194
204 1.181967
204 1.276174
204 0.982215
204 0.983015
204 0.178766
204 0.983965
204 1.081710
204 1.080549
204 0.979148
204 0.979578
204 0.979483
204 1.179136
204 0.980162
204 1.081675
204 1.044568
204 1.043738
204 1.073189
204 1.072561
204 1.073977
204 0.474734
204 0.984280
204 1.077531
204 1.077620
204 0.985865
204 0.383910
204 0.984851
204 0.877517
204 1.046071
204 0.970656
204 0.974893
204 1.183029
204 1.880395
204 0.977598
204 0.978620
204 0.979566
204 1.690325
204 0.980106
204 0.881654
204 0.988116
204 0.884812
204 0.888686
204 0.888662
204 1.175982
204 0.983992
204 0.986765
204 0.987504
204 0.987623
204 0.882278
204 1.679622
204 1.082345
204 0.943848
204 0.949036
204 1.155500
204 0.355350
204 0.946894
204 1.072742
204 0.974241
204 1.779623
204 0.979869
204 0.978535
204 1.081124
204 0.884261
204 0.986120
204 0.986202
204 0.987636
204 0.985822
204 1.086824
204 0.987771
204 0.985687
204 0.290845
204 1.096335
204 0.986841
204 0.820803
204 0.392281
204 0.987119
204 1.013103
204 0.986538
204 0.883470
204 0.988287
204 0.985576
204 0.984529
204 0.984656
204 0.986368
204 0.990273
204 0.990093
204 0.889195
204 0.892062
204 0.888817
204 0.887194
204 0.987069
204 0.987218
204 0.982892
204 0.987000
204 0.984901
204 0.985991
204 1.577114
204 0.886992
204 1.030158
204 0.981888
204 0.880095
204 0.886097
204 0.982283
204 0.982326
204 0.980940
204 1.085521
204 1.582957
204 0.982546
204 0.817993
204 3.180344
204 0.887823
204 0.821834
204 0.983074
204 0.912226
204 0.779444
204 0.891073
204 0.888309
204 0.917677
204 0.984527
204 0.877411
204 0.773310
204 0.875032
204 1.088115
204 0.979694
204 0.873774
204 0.979755
204 0.875920
204 0.874148
204 1.117940
204 1.092069
204 0.981785
204 0.973720
204 0.974080
204 0.785004
204 0.780892
204 0.974202
204 0.896826
204 0.900764
204 0.981638
204 1.176225
204 0.983608
204 0.983248
204 0.982998
204 1.074464
204 1.268225
204 1.075844
204 0.978059
204 0.981097
204 0.988197
204 0.481398
204 0.887868
204 0.481458
204 1.083387
204 1.083758
204 0.989171
204 1.195378
204 1.101182
204 0.999557
204 1.183157
204 1.088676
204 1.089253
204 1.281363
204 1.282445
204 1.183874
204 1.286463
204 1.086570
204 1.088662
204 1.176502
204 1.176593
204 1.181552
204 1.182991
204 1.183641
204 1.183612
204 1.092561
204 1.183721
204 1.192638
204 1.189749
204 1.090800
204 1.090935
204 0.474991
204 1.190979
204 1.191426
204 1.081643
204 1.682269
204 1.081361
204 1.081761
204 1.082915
204 1.179178
204 0.389197
204 1.179047
204 1.180924
204 1.276519
204 1.277673
204 1.181015
204 1.183181
204 1.183252
204 1.183429
204 0.982048
204 1.080733
204 1.168390
204 1.169161
204 0.993367
204 1.081967
204 0.989427
204 1.081629
204 1.081826
204 0.993562
204 1.690060
204 0.974240
204 1.092539
204 0.975041
204 0.287662
204 0.191743
204 1.257250
204 1.138930
204 0.978248
204 0.886155
204 0.380013
204 1.065270
204 0.383383
204 0.989038
204 1.174663
204 0.487215
204 0.881131
204 0.985415
204 0.881157
204 0.985943
204 0.881506
204 0.987289
204 0.989183
204 0.883826
204 0.981879
204 0.974595
204 0.878884
204 0.880269
204 0.777797
204 0.987367
204 0.777558
204 0.880389
204 0.881885
204 0.978578
204 0.944019
204 0.945213
204 1.538643
204 0.948008
204 0.856914
204 0.952461
204 1.459452
204 0.778202
204 1.078857
204 1.573455
204 0.779814
204 1.481683
204 0.882332
204 0.884929
204 0.781870
204 0.884939
204 0.781588
204 0.876467
204 0.876856
204 1.378303
204 0.877919
204 0.981888
204 1.661897
