204 0.068115
204 0.072021
204 0.072539
204 0.076390
204 0.190550
204 0.248403
204 0.254403
204 0.254414
204 0.259537
204 0.232813
204 0.348098
204 0.352048
204 0.346884
204 0.432902
204 0.445808
204 0.446982
204 0.442592
204 0.443748
204 0.520471
204 0.539025
204 0.529009
204 0.526119
204 0.536952
204 0.539046
204 0.639105
204 0.645458
204 0.638398
204 0.621201
204 0.735636
204 0.735309
204 0.723692
204 0.725068
204 0.735407
204 0.744220
204 0.728793
204 0.730763
204 0.736855
204 0.841145
204 0.847361
204 0.849501
204 0.831089
204 0.891112
204 0.937461
204 0.932516
204 0.939176
204 0.938137
204 0.946965
204 0.932048
204 0.934041
204 0.931276
204 1.017900
204 1.021350
204 0.987547
204 0.785727
204 1.022602
204 0.786361
204 0.988030
204 1.040891
204 0.950984
204 1.119075
204 1.119898
204 1.180232
204 0.376375
204 1.233400
204 1.181060
204 0.979682
204 0.980039
204 1.220687
204 0.888742
204 0.985710
204 1.319747
204 0.880575
204 0.890317
204 0.892336
204 1.088271
204 0.981561
204 0.981574
204 1.089382
204 0.889232
204 0.983054
204 0.983122
204 0.889825
204 0.786016
204 0.896084
204 0.896333
204 0.988017
204 0.295536
204 0.882297
204 0.786705
204 0.884605
204 0.885945
204 0.884883
204 0.737874
204 0.888229
204 0.983640
204 0.984628
204 0.985186
204 0.837442
204 0.841386
204 0.981115
204 0.883221
204 0.981322
204 1.822799
204 0.890752
204 0.891429
204 0.888848
204 0.882087
204 0.981110
204 0.884913
204 0.891430
204 0.990534
204 0.887888
204 0.887867
204 0.892791
204 0.887445
204 0.987490
204 0.890619
204 0.890872
204 0.938974
204 1.485814
204 1.581000
204 0.887860
204 0.887524
204 0.888136
204 0.889016
204 0.933871
204 0.891113
204 0.836980
204 0.984451
204 0.884134
204 0.382985
204 0.285365
204 0.882994
204 0.886292
204 0.884770
204 0.285335
204 0.884752
204 0.988701
204 0.838107
204 0.873925
204 0.876636
204 0.873907
204 0.979899
204 0.878478
204 0.879133
204 0.983132
204 0.882375
204 0.973470
204 0.879898
204 0.875582
204 0.876746
204 0.877156
204 0.972191
204 0.878017
204 0.880058
204 0.976992
204 0.782504
204 0.782448
204 0.880089
204 0.836950
204 1.380135
204 0.882823
204 2.183517
204 0.884318
204 0.883319
204 0.915112
204 1.066062
204 0.911958
204 0.912295
204 1.014458
204 0.980061
204 0.985005
204 0.986614
204 0.983984
204 0.887784
204 0.984586
204 0.385213
204 0.888323
204 0.988402
204 0.998517
204 0.398247
204 0.398413
204 0.999288
204 1.001636
204 0.996883
204 0.996941
204 1.575556
204 0.986827
204 1.082510
204 1.086566
204 1.087166
204 1.087117
204 1.091736
204 0.983916
204 0.983869
204 1.134223
204 0.983878
204 0.992521
204 1.095857
204 1.000730
204 0.362801
204 1.081864
204 1.128265
204 0.991798
204 1.088788
204 1.088643
204 1.089574
204 1.087427
204 1.181448
204 1.086185
204 0.989759
204 1.087433
204 1.082451
204 1.087658
204 0.984914
204 1.082897
204 1.083196
204 1.288000
204 0.985345
204 1.188623
204 1.686402
204 0.986895
204 0.279090
204 0.949564
204 0.287988
204 1.685342
204 0.282698
204 0.382203
204 0.288605
204 0.382095
204 0.985797
204 0.989609
204 0.387743
204 0.888658
204 0.985793
204 1.149355
204 1.086189
204 1.086037
204 1.085852
204 0.867079
204 0.984478
204 0.984762
204 0.962988
204 0.962781
204 0.965624
204 0.967521
204 0.967153
204 0.286598
204 0.885887
204 0.877675
204 0.878692
204 0.182937
204 0.876854
204 0.985366
204 0.879275
204 1.081485
204 0.975513
204 0.978742
204 0.282075
204 0.875047
204 0.981237
204 0.978818
204 1.740567
204 0.884200
204 1.549386
204 1.783337
204 1.645790
204 0.773920
204 0.888463
204 0.275888
204 0.887975
204 0.777259
204 1.649430
204 0.779323
204 0.836338
204 0.281221
204 0.874478
204 0.877184
204 0.879229
204 0.881414
204 2.090672
204 0.881366
204 0.974898
204 0.289685
204 0.784687
204 0.888526
204 0.888696
204 0.290718
204 0.785154
204 0.739938
204 0.878320
204 0.782020
204 0.884747
204 1.479665
204 0.783935
204 0.884920
204 0.885736
204 0.743126
204 1.345651
204 0.877094
204 0.878298
204 1.576540
204 0.878197
204 0.779073
204 0.780754
204 0.890710
204 0.386526
204 0.888158
204 0.890908
204 0.887979
204 0.890835
204 0.887878
204 0.286006
204 1.485556
204 0.788590
204 0.879686
204 0.977364
204 0.884707
204 0.884408
204 0.979937
204 0.884376
204 0.884187
204 1.391270
204 1.442552
204 0.846617
204 0.933222
204 0.985650
204 0.287472
204 0.882027
204 1.482410
204 0.882159
204 0.377623
204 0.825838
204 0.881097
204 0.881355
204 0.883236
204 0.786628
204 0.889661
204 0.889522
204 0.886581
204 0.787615
204 0.887081
204 0.988781
204 0.887610
204 0.791755
204 0.175138
204 0.882270
204 0.883494
204 0.884309
204 0.985727
204 0.791321
204 0.891882
204 0.943779
204 0.336681
204 0.890959
204 0.948005
204 0.891194
204 0.849579
204 0.232954
204 0.941878
204 1.038984
204 1.039135
204 0.881843
204 0.992446
204 0.342498
204 0.940160
204 0.975631
204 0.980763
204 0.884151
204 0.975959
204 0.976322
204 1.032267
204 1.538017
204 1.034675
204 0.878659
204 0.830381
204 0.984334
204 0.979839
204 1.185850
204 1.275491
204 1.080806
204 1.780527
204 0.990566
204 1.089516
204 0.991932
204 1.089625
204 1.090365
204 1.038171
204 0.978756
204 1.034359
204 1.038733
204 1.643101
204 1.075039
204 0.969260
204 1.685060
204 1.079355
204 0.973620
204 1.079893
204 1.079374
204 1.067865
204 0.282213
204 1.687633
204 0.274470
204 0.987011
204 0.987979
204 1.027663
204 1.073314
204 1.081552
204 0.371937
204 1.080486
204 0.923334
204 1.140513
204 0.978665
204 1.182218
204 1.021051
204 1.025858
204 1.021617
204 1.023688
204 1.022780
204 0.925949
204 0.985870
204 1.029668
204 1.029664
204 0.934428
204 0.986662
204 0.892747
204 0.892536
204 0.244821
204 0.927216
204 0.929901
204 0.787505
204 0.987149
204 0.987158
204 1.030211
204 0.987429
204 0.784218
204 1.031457
204 0.775966
204 1.574798
204 0.289380
204 0.893361
204 0.995733
204 0.842966
204 0.873559
204 0.881452
204 1.671826
204 0.876292
204 0.732544
204 0.734252
204 1.673320
204 0.786178
204 0.972959
204 0.884211
204 0.786109
204 0.789952
204 0.832119
204 0.786358
204 0.790172
204 0.742554
204 0.180596
204 0.881951
204 0.779992
204 0.884713
204 0.784514
204 0.785972
204 0.281111
204 0.884355
204 0.884678
204 0.787882
204 0.787898
204 1.392327
204 0.885082
204 0.827663
204 0.829854
204 0.786043
204 0.736137
204 0.843031
204 0.774290
204 0.885772
204 0.379226
204 0.776943
204 0.886198
204 0.778795
204 0.781606
204 0.746583
204 0.781991
204 0.279711
204 0.783944
204 0.829582
204 0.877132
204 0.786149
204 0.790724
204 0.739817
204 0.778636
204 0.777351
204 0.778973
204 0.881595
204 0.779288
204 0.779242
204 0.883184
204 0.781372
204 0.744510
204 1.244103
204 0.787403
204 0.742621
204 0.645538
204 0.782552
204 0.285391
204 1.388602
204 0.286514
204 0.284595
204 0.226620
204 0.779298
204 0.687986
204 1.285431
204 0.787606
204 0.784015
204 0.191526
204 0.783915
204 0.783408
204 0.679450
204 0.787993
204 0.787951
204 0.787209
204 0.741183
204 0.741158
204 0.630095
204 0.888749
204 1.378142
204 0.691481
204 0.787989
204 0.697326
204 0.795218
204 0.791678
204 0.687878
204 0.286321
204 0.691804
204 0.290080
204 0.691107
204 0.651263
204 1.281467
204 1.283381
204 0.686923
204 0.733773
204 0.688911
204 0.689105
204 0.688881
204 0.691946
204 0.787706
204 0.689125
204 0.689781
204 0.688982
204 1.288326
204 1.285420
204 0.689597
204 1.787991
204 0.691456
204 1.286740
204 0.685155
204 0.685946
204 0.745166
204 0.723313
204 0.782549
204 0.723382
204 0.224913
204 0.726339
204 0.691391
204 0.746365
204 0.679760
204 0.683997
204 0.686719
204 0.683123
204 0.687802
204 1.130038
204 0.685322
204 0.789117
204 1.191199
204 0.626119
204 0.580706
204 0.690580
204 0.688515
204 0.688451
204 0.690573
204 0.688518
204 0.629853
204 0.783425
204 0.640662
204 0.676177
204 0.678218
204 0.678358
204 0.584472
204 0.678500
204 1.288301
204 0.681570
204 0.679920
204 0.585564
204 0.686967
204 0.689093
204 1.092780
204 0.692606
