204 0.029377
204 0.029580
204 0.029190
204 0.073329
204 0.068738
204 0.065868
204 0.079430
204 0.150861
204 0.142885
204 0.151098
204 0.153560
204 0.147833
204 0.146882
204 0.152529
204 0.151148
204 0.151741
204 0.150980
204 0.230164
204 0.245816
204 0.231668
204 0.236926
204 0.241135
204 0.233944
204 0.238361
204 0.244619
204 0.239848
204 0.258215
204 0.251990
204 0.252809
204 0.188352
204 0.341452
204 0.339448
204 0.334503
204 0.336463
204 0.335016
204 0.344785
204 0.342869
204 0.429828
204 0.429375
204 0.186278
204 0.444865
204 0.440425
204 0.439723
204 0.439511
204 0.444006
204 0.439713
204 0.444118
204 0.536526
204 0.535889
204 0.540096
204 0.537135
204 0.533951
204 0.184771
204 0.540495
204 0.542633
204 0.533827
204 0.536989
204 0.186209
204 0.632875
204 0.591598
204 0.626907
204 0.626969
204 0.626971
204 0.631496
204 0.576945
204 0.590044
204 0.632440
204 0.586761
204 0.183886
204 0.193854
204 0.743998
204 0.588813
204 0.587480
204 0.575717
204 0.585303
204 0.585805
204 0.184020
204 0.579412
204 0.564772
204 0.837021
204 0.676983
204 0.177189
204 0.176407
204 0.176036
204 0.177423
204 0.176071
204 0.177150
204 0.675153
204 0.575042
204 0.577225
204 0.576918
204 0.575542
204 0.935286
204 0.575432
204 0.580295
204 0.667202
204 0.575305
204 0.572032
204 0.573228
204 0.573067
204 0.573163
204 0.189593
204 0.575058
204 0.976839
204 0.587027
204 0.574383
204 0.580104
204 0.982440
204 0.582353
204 0.582362
204 0.888344
204 0.984121
204 0.584605
204 0.586078
204 0.191989
204 0.188729
204 0.191468
204 0.982403
204 0.985068
204 0.973749
204 0.586510
204 0.587073
204 0.983592
204 0.583292
204 0.584055
204 0.984306
204 0.185653
204 0.572061
204 0.573924
204 0.178187
204 0.573918
204 0.577713
204 0.573687
204 0.572741
204 0.176237
204 0.178405
204 0.574823
204 0.592365
204 0.181494
204 0.180589
204 0.597815
204 0.981729
204 0.181483
204 0.594508
204 0.597821
204 0.180522
204 0.595374
204 0.983888
204 0.589332
204 0.985514
204 0.593464
204 0.588939
204 0.984774
204 0.588271
204 0.592629
204 0.589656
204 0.590278
204 0.176418
204 0.587148
204 0.582877
204 0.585766
204 0.585252
204 0.583002
204 0.177875
204 1.381884
204 0.584095
204 0.582926
204 0.177910
204 0.972796
204 0.577121
204 0.574996
204 0.574625
204 0.975113
204 0.578981
204 0.576963
204 0.181571
204 0.181365
204 0.573930
204 0.988587
204 0.989462
204 0.576005
204 0.991093
204 0.578966
204 0.579185
204 0.579489
204 0.991179
204 0.578329
204 0.578762
204 0.581581
204 0.582713
204 0.586238
204 0.584485
204 0.583262
204 0.586952
204 0.586472
204 0.584090
204 0.583307
204 0.489150
204 0.178938
204 0.181635
204 0.983154
204 0.573560
204 0.573517
204 0.984712
204 0.574723
204 0.492741
204 0.191330
204 0.582133
204 0.577853
204 1.375053
204 0.579219
204 0.579118
204 0.183825
204 0.977155
204 0.579113
204 0.579972
204 0.984010
204 0.574719
204 0.575724
204 0.576372
204 0.579071
204 0.576493
204 0.577374
204 0.580214
204 0.580778
204 0.579175
204 0.519467
204 0.674347
204 0.584809
204 0.584784
204 0.585010
204 0.589202
204 0.584807
204 0.589315
204 0.589060
204 0.586233
204 0.194980
204 0.596470
204 0.580984
204 0.582460
204 0.585328
204 0.977171
204 0.586394
204 0.978374
204 0.582913
204 0.979258
204 0.590161
204 0.279157
204 0.979343
204 0.583463
204 0.583338
204 0.591080
204 0.584748
204 0.583534
204 0.583433
204 0.592016
204 0.584823
204 0.678580
204 0.586523
204 0.589721
204 0.684458
204 0.589605
204 0.589653
204 0.590067
204 0.594739
204 0.590653
204 0.291801
204 0.676194
204 0.579573
204 0.580825
204 0.579382
204 0.581005
204 0.581910
204 0.182529
204 0.774460
204 0.676827
204 0.683192
204 0.589837
204 0.589475
204 0.590329
204 0.988912
204 0.590433
204 0.596670
204 0.595261
204 0.687054
204 0.584671
204 0.584769
204 0.187604
204 0.581234
204 0.580801
204 0.584166
204 0.580803
204 0.688343
204 0.595903
204 0.982642
204 0.673973
204 0.578488
204 0.577786
204 0.576931
204 0.576796
204 0.578953
204 0.677747
204 0.577324
204 0.574990
204 0.589729
204 0.580347
204 0.579187
204 0.184375
204 0.981846
204 0.580432
204 0.677365
204 0.582399
204 0.180024
204 0.676875
204 0.676137
204 0.184994
204 0.573222
204 0.576173
204 0.186670
204 0.575717
204 0.573107
204 0.678838
204 0.588383
204 0.576393
204 0.183031
204 0.674382
204 0.185880
204 0.589590
204 0.587862
204 0.189041
204 0.186058
204 0.189236
204 1.062471
204 0.188211
204 0.583197
204 0.179742
204 0.179203
204 0.181263
204 0.184478
204 0.179729
204 0.578845
204 0.576717
204 0.183367
204 0.584805
204 0.979126
204 0.174895
204 0.576173
204 0.578767
204 0.576401
204 0.179885
204 0.979250
204 0.577285
204 0.580584
204 0.577109
204 0.580589
204 0.582941
204 0.972572
204 0.581505
204 0.178487
204 0.581486
204 0.183005
204 0.582629
204 0.584503
204 0.974472
204 0.983083
204 0.581844
204 0.184010
204 0.581897
204 0.583925
204 1.379519
204 0.586185
204 0.984235
204 0.984509
204 0.984441
204 0.177104
204 0.973805
204 0.974486
204 0.587159
204 0.983885
204 0.987673
204 0.981377
204 0.584800
204 0.584110
204 0.584121
204 0.490040
204 0.571502
204 0.578192
204 0.980018
204 0.977099
204 0.179249
204 0.574803
204 0.577810
204 0.573729
204 0.574251
204 0.490733
204 0.182777
204 0.581175
204 0.581965
204 0.581953
204 0.586349
204 0.586149
204 0.582584
204 0.984706
204 0.985753
204 0.581963
204 0.581563
204 1.474231
204 0.583750
204 0.581668
204 0.581748
204 0.582110
204 0.584784
204 0.584794
204 0.583935
204 0.581358
204 0.579993
204 0.579193
204 0.579449
204 0.579767
204 0.579845
204 0.583187
204 0.580064
204 1.376537
204 0.579639
204 0.577714
204 0.184611
204 0.184746
204 0.188891
204 0.579171
204 0.978322
204 0.579890
204 0.579191
204 0.585230
204 0.579476
204 0.590976
204 0.585462
204 0.179521
204 0.585281
204 0.585626
204 0.586146
204 0.592910
204 0.586296
204 0.579831
204 0.681787
204 0.587679
204 0.677719
204 0.581107
204 0.691102
204 0.584846
204 0.584837
204 0.590675
204 0.586842
204 0.578430
204 0.580331
204 0.581983
204 0.581989
204 0.682220
204 0.682249
204 0.580365
204 0.585517
204 0.682032
204 0.580665
204 0.575387
204 0.972639
204 0.578187
204 0.578215
204 0.678485
204 0.978670
204 0.973259
204 0.182462
204 0.579218
204 0.680585
204 0.677140
204 0.573585
204 0.678867
204 0.581690
204 0.573125
204 0.180184
204 1.379468
204 0.574199
204 0.574134
204 0.583378
204 0.571225
204 0.681692
204 0.673225
204 0.189490
204 0.184795
204 0.578044
204 0.576686
204 0.577231
204 0.581565
204 0.578392
204 0.581924
204 0.185334
204 0.585171
204 0.583543
204 0.586084
204 0.583212
204 0.680408
204 0.678598
204 0.583382
204 0.184667
204 0.974958
204 0.578986
204 0.586804
204 0.578425
204 0.181951
204 0.576841
204 0.181971
204 0.577240
204 0.580857
204 0.582905
204 0.173595
204 0.576720
204 0.576975
204 0.577445
204 0.578362
204 0.580275
204 0.578127
204 0.970530
204 0.580269
204 0.578518
204 0.576722
204 0.181887
204 0.577439
204 0.579740
204 0.582793
204 0.185554
204 0.972075
204 0.585346
204 0.181601
204 0.974563
204 0.977861
204 0.579860
204 0.576571
204 0.583209
204 0.583253
204 0.576652
204 0.576764
204 0.579002
204 0.977037
204 0.579459
204 0.578940
204 0.578072
204 0.978101
204 0.978148
204 0.577859
204 0.578276
204 0.577886
204 0.580736
204 0.578357
204 0.586841
204 0.577991
204 0.576674
204 0.576785
204 0.578712
204 0.582480
204 0.578992
204 0.980748
204 0.577007
204 0.576795
204 0.580289
204 0.601319
204 1.005696
204 0.601852
204 0.604523
204 0.603345
204 1.000336
204 0.601488
204 1.000562
204 0.606369
204 0.601498
204 0.581779
204 0.589015
204 0.585060
204 0.193522
204 0.195905
204 0.192198
204 0.596186
204 0.598327
204 0.194908
204 0.593947
204 0.581255
204 0.584131
204 0.583119
204 0.583489
204 0.595977
204 0.598453
204 0.674359
204 0.678289
204 0.678073
204 0.676252
204 0.580299
204 0.584783
204 0.583201
204 0.585272
204 0.583025
204 0.677006
204 0.578055
204 0.581693
204 0.681356
204 0.579506
204 0.279458
204 0.580115
204 0.272009
204 0.581365
204 0.272931
204 0.675472
204 0.976701
204 0.575427
204 0.976623
204 0.976575
204 0.679769
204 0.684757
204 0.577927
204 0.682621
204 0.684974
204 0.565134
204 0.568055
204 0.188852
204 0.682106
204 0.567686
204 0.685734
204 0.564372
204 0.682077
204 0.565039
204 0.682282
204 0.180498
204 0.578815
204 0.581673
204 0.180287
204 0.659800
204 0.659481
204 0.659108
204 0.659464
204 0.570657
204 0.659167
204 0.666179
204 1.079741
204 1.087136
204 0.671270
204 0.671338
204 0.573528
204 0.583965
204 0.183433
204 0.573563
204 0.582695
204 0.582469
204 0.588262
204 0.588236
204 0.581885
204 0.585627
204 0.184790
204 0.589131
204 0.684556
204 0.590310
204 0.585232
204 0.576231
204 0.580990
204 0.576855
204 0.579248
204 0.579181
204 0.576917
204 0.578842
204 1.478962
204 0.577992
204 0.581632
204 0.176151
204 0.971783
204 0.179816
204 1.377652
204 0.582104
204 0.580592
204 0.582018
204 0.177069
204 0.177388
204 0.181335
204 0.573388
204 0.576000
204 0.581087
204 0.576257
204 0.980844
204 0.576233
204 0.182798
204 0.576714
204 0.577361
204 0.578026
204 0.120842
204 0.979292
204 0.585890
204 0.579968
204 0.582901
204 0.581193
204 0.584843
204 0.581227
204 0.585688
204 0.582792
204 0.587702
204 0.183748
204 0.583507
204 0.587254
204 0.583529
204 0.587288
204 0.590183
204 0.583755
204 0.586535
204 0.584294
204 0.975901
204 0.577093
204 0.982269
204 0.982410
204 0.578565
204 0.579905
204 0.584067
204 0.982306
204 0.982443
204 0.585465
204 0.179938
204 0.180874
204 0.580725
204 0.581164
204 0.580661
204 0.178356
204 0.581169
204 0.979474
204 0.595033
204 0.674038
204 0.581455
204 0.588160
204 0.588027
204 0.586156
204 0.592988
204 0.589395
204 0.586062
204 0.589424
204 0.579472
204 0.981607
204 1.080107
204 0.584905
204 0.582694
204 0.583096
204 0.581469
204 0.686335
204 0.587079
204 0.585366
204 0.579609
204 0.188093
204 0.581572
204 0.682094
204 0.657055
204 0.186200
204 0.587862
204 0.581143
204 0.682121
204 0.581491
204 0.895026
204 0.894626
204 0.974648
204 0.581235
204 0.582010
204 0.579574
204 0.578647
204 0.679142
204 0.679183
204 0.577135
204 0.588222
204 0.588167
204 0.499801
204 0.499049
204 0.493667
204 0.495332
204 0.497389
204 0.576332
204 0.577329
204 0.576855
204 0.586085
204 0.493360
204 0.487242
204 0.594318
204 0.496162
204 0.498833
204 0.494265
204 0.497323
204 0.494408
204 0.494996
204 0.586048
204 0.498664
204 0.502682
204 0.494458
204 0.581522
204 0.975441
204 0.580958
204 0.592472
204 0.584982
204 0.983163
204 0.487101
204 0.494017
204 0.493709
204 0.492986
204 0.492990
