204 0.135415
204 0.136800
204 0.135840
204 0.136941
204 0.140918
204 0.141231
204 0.140388
204 0.141927
204 0.140517
204 0.140796
204 0.280769
204 0.276643
204 0.276611
204 0.276911
204 0.282243
204 0.278019
204 0.278041
204 0.278400
204 0.576093
204 0.577086
204 0.274667
204 0.277624
204 0.371039
204 0.371020
204 0.372543
204 0.374095
204 0.375589
204 0.475617
204 0.286118
204 0.289284
204 0.192857
204 0.383772
204 0.386738
204 0.287504
204 0.287470
204 0.385216
204 0.389544
204 0.287198
204 0.279547
204 0.283011
204 0.285029
204 0.285377
204 0.286717
204 0.189434
204 0.389076
204 0.395709
204 0.389801
204 0.392545
204 0.278900
204 0.388397
204 0.179240
204 0.388364
204 0.494275
204 0.275312
204 0.378450
204 0.483573
204 0.578228
204 0.370964
204 0.379140
204 0.379401
204 0.279799
204 0.475781
204 0.275737
204 0.277453
204 0.579031
204 0.279540
204 0.473164
204 0.279261
204 0.285212
204 0.485575
204 0.292017
204 0.392962
204 0.488740
204 0.490054
204 0.295093
204 0.395454
204 0.482344
204 0.385958
204 0.387101
204 0.492701
204 0.380682
204 0.470306
204 0.370752
204 0.376179
204 0.378254
204 0.788377
204 0.284602
204 0.283038
204 0.283881
204 0.282691
204 0.282259
204 0.188218
204 0.287656
204 0.287661
204 0.283451
204 0.288677
204 0.517325
204 0.478965
204 0.487798
204 0.487254
204 0.483434
204 0.386743
204 0.178069
204 0.577082
204 0.380714
204 0.356544
204 0.580900
204 0.277514
204 0.277499
204 0.378317
204 0.681244
204 0.386603
204 0.286722
204 0.381818
204 0.394205
204 0.293750
204 0.379510
204 0.277312
204 0.381135
204 0.496556
204 0.400005
204 0.479493
204 0.277644
204 0.284636
204 0.579249
204 0.372870
204 0.188498
204 0.188923
204 0.275783
204 0.289469
204 0.278613
204 0.287883
204 0.286988
204 0.287328
204 0.285832
204 0.287293
204 0.296002
204 0.188284
204 0.295878
204 0.192548
204 0.284289
204 0.188660
204 0.100833
204 0.177318
204 0.182711
204 0.282747
204 0.286291
204 0.183920
204 0.174832
204 0.282493
204 0.379763
204 0.288640
204 0.289511
204 0.200234
204 0.289148
204 0.289164
204 0.191538
204 0.292242
204 0.294535
204 0.192388
204 0.284317
204 0.177482
204 0.285601
204 0.286498
204 0.184603
204 0.186293
204 0.279134
204 0.283475
204 0.284359
204 0.285792
204 0.190660
204 0.188745
204 0.281209
204 0.178569
204 0.284253
204 0.285365
204 0.288496
204 0.287784
204 0.282189
204 0.378781
204 0.282542
204 0.190087
204 0.190439
204 0.190394
204 0.378955
204 0.282220
204 0.283490
204 0.287737
204 0.186300
204 0.287516
204 0.191508
204 0.098819
204 0.099564
204 0.281514
204 0.282073
204 0.188321
204 0.287362
204 0.171548
204 0.286151
204 0.183322
204 0.175474
204 0.282083
204 0.189316
204 0.286106
204 0.198168
204 0.289085
204 0.292840
204 0.284936
204 0.286257
204 0.184820
204 0.288640
204 0.287612
204 0.188376
204 0.182054
204 0.187300
204 0.187601
204 0.284940
204 0.186557
204 0.186608
204 0.188956
204 0.188956
204 0.187842
204 0.187147
204 0.189709
204 0.281901
204 0.079971
204 0.174946
204 0.175364
204 0.176311
204 0.293815
204 0.279881
204 0.277197
204 0.277022
204 0.281077
204 0.187976
204 0.201228
204 0.278381
204 0.280121
204 0.287899
204 0.287709
204 0.175783
204 0.270737
204 0.276630
204 0.279349
204 0.278439
204 0.372578
204 0.200361
204 0.286725
204 0.293835
204 0.291618
204 0.378720
204 0.279742
204 0.186562
204 0.277642
204 0.171200
204 0.387668
204 0.478955
204 0.477800
204 0.278538
204 0.285530
204 0.378179
204 0.286698
204 0.277946
204 0.293162
204 0.300157
204 0.487476
204 0.489504
204 0.279151
204 0.387219
204 0.395681
204 0.377236
204 0.281845
204 0.493036
204 0.575081
204 0.474112
204 0.284157
204 0.371563
204 0.371092
204 0.371928
204 0.469356
204 0.377752
204 0.182976
204 0.368046
204 0.284888
204 0.376610
204 0.384095
204 0.386336
204 0.289226
204 0.386725
204 0.391947
204 0.390325
204 0.294316
204 0.384121
204 0.284878
204 0.287951
204 0.389328
204 0.477717
204 0.274739
204 0.283584
204 0.283574
204 0.282892
204 0.282403
204 0.275095
204 0.190465
204 0.274119
204 0.274114
204 0.277278
204 0.284454
204 0.281267
204 0.375724
204 0.173978
204 0.277258
204 0.275299
204 0.281440
204 0.282045
204 0.390783
204 0.372921
204 0.381188
204 0.278953
204 0.176462
204 0.381848
204 0.282753
204 0.284324
204 0.267250
204 0.268918
204 0.182345
204 0.369297
204 0.182139
204 0.184314
204 0.285995
204 0.288329
204 0.286407
204 0.287577
204 0.392145
204 0.396181
204 0.296077
204 0.398152
204 0.271661
204 0.380224
204 0.275993
204 0.485064
204 0.377896
204 0.175287
204 0.378353
204 0.184408
204 0.274037
204 0.277185
204 0.275983
204 0.290624
204 0.384108
204 0.277775
204 0.282161
204 0.185827
204 0.283629
204 0.288338
204 0.486545
204 0.396590
204 0.491994
204 0.390103
204 0.291439
204 0.296993
204 0.384344
204 0.277924
204 0.381354
204 0.484648
204 0.274988
204 0.278108
204 0.274099
204 0.279490
204 0.279270
204 0.279501
204 0.280594
204 0.288817
204 0.289377
204 0.285914
204 0.288109
204 0.287460
204 0.269498
204 0.276335
204 0.276460
204 0.272187
204 0.380240
204 0.178141
204 0.277026
204 0.283087
204 0.287623
204 0.375002
204 0.183584
204 0.298028
204 0.294264
204 0.381704
204 0.283440
204 0.286261
204 0.292196
204 0.273861
204 0.178014
204 0.387511
204 0.184845
204 0.097613
204 0.278492
204 0.185332
204 0.276282
204 0.190108
204 0.293589
204 0.293297
204 0.196214
204 0.194908
204 0.194942
204 0.186840
204 0.186707
204 0.183825
204 0.192419
204 0.091181
204 0.178667
204 0.178811
204 0.180958
204 0.186157
204 0.185782
204 0.188177
204 0.198909
204 0.200177
204 0.197350
204 0.189561
204 0.103638
204 0.179130
204 0.178145
204 0.183128
204 0.187351
204 0.165899
204 0.171862
204 0.172844
204 0.280963
204 0.177183
204 0.101127
204 0.270775
204 0.182084
204 0.183815
204 0.190749
204 0.189736
204 0.189978
204 0.194440
204 0.198134
204 0.189384
204 0.285118
204 0.217072
204 0.214236
204 0.218293
204 0.214223
204 0.184891
204 0.179085
204 0.190377
204 0.189705
204 0.183664
204 0.272004
204 0.154521
204 0.155111
204 0.155242
204 0.090241
204 0.178277
204 0.254902
204 0.286640
204 0.194487
204 0.196728
204 0.284945
204 0.188138
204 0.194714
204 0.195268
204 0.200303
204 0.192916
204 0.192919
204 0.080474
204 0.083312
204 0.082449
204 0.082476
204 0.171678
204 0.177707
204 0.186145
204 0.087847
204 0.173019
204 0.175954
204 0.176544
204 0.176624
204 0.283327
204 0.177460
204 0.187478
204 0.185245
204 0.185175
204 0.093440
204 0.278377
204 0.191890
204 0.194135
204 0.192503
204 0.195463
204 0.192576
204 0.100532
204 0.104788
204 0.184520
204 0.092331
204 0.177066
204 0.169296
204 0.281113
204 0.205365
204 0.276731
204 0.271703
204 0.271984
204 0.184138
204 0.276006
204 0.173941
204 0.191200
204 0.192516
204 0.192618
204 0.108942
204 0.108185
204 0.247717
204 0.187562
204 0.192359
204 0.192961
204 0.194865
204 0.175612
204 0.175601
204 0.178859
204 0.266578
204 0.184790
204 0.186434
204 0.189572
204 0.189768
204 0.271497
204 0.185075
204 0.187571
204 0.187605
204 0.187348
204 0.184922
204 0.186435
204 0.186440
204 0.191431
204 0.191523
204 0.186851
204 0.101077
204 0.185566
204 0.286677
204 0.187780
204 0.084804
204 0.092217
204 0.180444
204 0.185810
204 0.185965
204 0.188528
204 0.187808
204 0.189329
204 0.180677
204 0.184471
204 0.192347
204 0.192380
204 0.179290
204 0.180315
204 0.176240
204 0.176463
204 0.299565
204 0.111057
204 0.281674
204 0.285148
204 0.191625
204 0.285887
204 0.195759
204 0.290212
204 0.287078
204 0.165270
204 0.162775
204 0.285527
204 0.176703
204 0.175742
204 0.176859
204 0.177073
204 0.285274
204 0.286324
204 0.282261
204 0.321396
204 0.381683
204 0.279867
204 0.386562
204 0.296142
204 0.187108
204 0.387389
204 0.388054
204 0.283650
204 0.286305
204 0.248562
204 0.190724
204 0.190715
204 0.274411
204 0.284510
204 0.278783
204 0.276904
204 0.279766
204 0.282681
204 0.186223
204 0.282832
204 0.183189
204 0.291944
204 0.377538
204 0.286264
204 0.290427
204 0.183346
204 0.196914
204 0.280309
204 0.280794
204 0.291915
204 0.283855
204 0.185692
204 0.278167
204 0.183634
204 0.187980
204 0.184835
204 0.180974
204 0.276577
204 0.281959
204 0.278515
204 0.183948
204 0.189562
204 0.191777
204 0.189432
204 0.284445
204 0.285857
204 0.290410
204 0.290328
204 0.279070
204 0.277373
204 0.279551
204 0.281613
204 0.285675
204 0.291574
204 0.196795
204 0.481060
204 0.378523
204 0.379693
204 0.288190
204 0.293957
204 0.295037
204 0.387085
204 0.280467
204 0.283748
204 0.201599
204 0.181844
204 0.379038
204 0.184463
204 0.291565
204 0.287268
204 0.199514
204 0.278557
204 0.484284
204 0.278145
204 0.381168
204 0.285537
204 0.286903
204 0.190622
204 0.296636
204 0.272271
204 0.382754
204 0.190474
204 0.276610
204 0.173671
204 0.288998
204 0.177016
204 0.180501
204 0.272554
204 0.179609
204 0.277221
204 0.179908
204 0.197907
204 0.201557
204 0.197507
204 0.290338
204 0.291166
204 0.298378
204 0.201399
204 0.287546
204 0.384556
204 0.384548
204 0.276874
204 0.279131
204 0.280902
204 0.181886
204 0.276357
204 0.181898
204 0.379562
204 0.092363
204 0.172014
204 0.176412
204 0.374676
204 0.177628
204 0.173506
204 0.282285
204 0.279761
204 0.177630
204 0.275903
204 0.192660
204 0.190740
204 0.275182
204 0.279115
204 0.175839
204 0.280123
204 0.182293
204 0.095156
204 0.177601
204 0.276217
204 0.181429
204 0.182880
204 0.276142
204 0.272759
204 0.172841
204 0.185925
204 0.180184
204 0.181296
204 0.181964
204 0.185523
204 0.289657
204 0.290012
204 0.188688
204 0.189216
204 0.189227
204 0.189209
204 0.095333
204 0.181502
204 0.187736
204 0.184869
204 0.187840
204 0.176727
204 0.286851
204 0.181659
204 0.276157
204 0.184729
204 0.280699
204 0.280521
204 0.184753
204 0.190114
204 0.184823
204 0.190472
204 0.195516
204 0.195079
204 0.178217
204 0.180052
204 0.181987
204 0.182086
204 0.183134
204 0.089669
204 0.279305
204 0.281250
204 0.089383
204 0.272614
204 0.276858
204 0.179115
204 0.172898
204 0.184640
204 0.179607
204 0.186861
204 0.186980
204 0.189532
204 0.184344
204 0.098958
204 0.184367
204 0.180652
204 0.180262
204 0.184251
204 0.184607
204 0.095834
204 0.183502
204 0.184712
204 0.286356
204 0.179272
204 0.100460
204 0.186551
204 0.186522
204 0.181442
204 0.191022
204 0.192218
204 0.184253
204 0.174377
204 0.184589
204 0.187070
204 0.187228
204 0.179557
204 0.184791
204 0.182970
204 0.188787
204 0.184666
204 0.190897
204 0.194623
204 0.197201
204 0.196744
204 0.197305
204 0.108086
204 0.189756
204 0.189885
204 0.192126
204 0.195438
204 0.093497
204 0.173502
204 0.179724
204 0.183559
204 0.178742
