204 0.027277
204 0.030382
204 0.025637
204 0.027481
204 0.152461
204 0.147059
204 0.145346
204 0.145573
204 0.164053
204 0.158250
204 0.152372
204 0.153542
204 0.159273
204 0.153119
204 0.221339
204 0.232729
204 0.236103
204 0.236970
204 0.258435
204 0.279006
204 0.334520
204 0.323110
204 0.333162
204 0.338424
204 0.335901
204 0.340243
204 0.345665
204 0.334487
204 0.335014
204 0.335537
204 0.350530
204 0.346907
204 0.346560
204 0.349010
204 0.429200
204 0.417032
204 0.436852
204 0.441029
204 0.439452
204 0.439807
204 0.415755
204 0.446750
204 0.414776
204 0.445498
204 0.445415
204 0.414795
204 0.534712
204 0.545613
204 0.544288
204 0.543791
204 0.549566
204 0.561397
204 0.620914
204 0.621196
204 0.622622
204 0.626573
204 0.640346
204 0.623460
204 0.626498
204 0.716987
204 0.715205
204 0.679484
204 0.717776
204 0.732047
204 0.722162
204 0.721894
204 0.714781
204 0.722462
204 0.737820
204 0.722495
204 0.805116
204 0.809284
204 0.807435
204 0.816732
204 0.801099
204 0.807360
204 0.804394
204 0.803937
204 0.803789
204 0.811167
204 0.894876
204 0.931993
204 0.896116
204 0.783953
204 0.932412
204 0.784368
204 0.933167
204 0.894666
204 0.901894
204 0.895168
204 0.989347
204 0.883028
204 0.990473
204 0.989357
204 0.993213
204 0.992983
204 0.995287
204 0.993333
204 0.884766
204 0.996663
204 1.018151
204 1.017800
204 1.080997
204 0.769805
204 1.123011
204 1.076061
204 1.079141
204 0.770013
204 1.080730
204 1.081844
204 1.085685
204 0.797162
204 1.088601
204 1.174432
204 1.177106
204 1.177056
204 1.175599
204 1.175459
204 1.176225
204 1.176623
204 1.174823
204 1.178094
204 1.187264
204 1.274306
204 0.872054
204 1.184867
204 0.872107
204 0.768982
204 1.184269
204 1.296956
204 1.296075
204 1.185198
204 1.191836
204 1.193312
204 1.283841
204 1.389957
204 1.390080
204 1.193252
204 1.158236
204 0.791977
204 1.087796
204 1.093919
204 1.181136
204 1.181563
204 1.170698
204 1.182302
204 1.476364
204 1.184984
204 1.476904
204 1.181832
204 1.480949
204 1.173065
204 1.164253
204 1.278659
204 1.280590
204 1.176256
204 0.781716
204 0.785881
204 1.170450
204 0.782725
204 1.176777
204 0.781980
204 1.266969
204 1.272336
204 1.170600
204 1.585029
204 1.493945
204 1.172352
204 1.178568
204 1.586043
204 1.170469
204 1.173139
204 1.474724
204 1.182746
204 1.080258
204 1.180085
204 1.185212
204 1.181464
204 1.084659
204 1.182808
204 1.084649
204 1.190105
204 1.092066
204 1.179845
204 1.178587
204 1.186092
204 1.183669
204 1.086436
204 1.180054
204 1.081119
204 1.180877
204 1.180344
204 0.790387
204 1.569852
204 1.077987
204 1.183197
204 1.078252
204 1.183159
204 1.187739
204 1.588908
204 1.190672
204 1.578911
204 1.089394
204 0.776835
204 1.176594
204 1.177727
204 0.781731
204 1.081822
204 1.177588
204 1.082661
204 1.176728
204 1.176874
204 1.177898
204 1.182746
204 0.783141
204 1.183666
204 1.157654
204 1.157666
204 1.185112
204 1.183890
204 1.184901
204 1.184234
204 1.184940
204 1.891246
204 1.191816
204 0.784351
204 1.191732
204 0.787526
204 1.191954
204 1.189948
204 1.185441
204 1.191391
204 0.787513
204 1.182944
204 1.178823
204 1.187613
204 1.185387
204 1.187717
204 1.186544
204 0.790325
204 1.184819
204 1.184963
204 1.187454
204 1.176515
204 1.481647
204 0.777955
204 1.177583
204 0.780348
204 1.177703
204 1.178368
204 1.177928
204 1.575876
204 1.183544
204 1.491202
204 1.183197
204 1.183900
204 1.182209
204 1.181861
204 1.181992
204 1.184458
204 0.790441
204 1.184468
204 0.793195
204 1.182330
204 0.789656
204 1.588376
204 0.785359
204 1.183190
204 1.184155
204 1.187300
204 1.184278
204 0.785993
204 1.589671
204 1.084923
204 1.191184
204 0.778763
204 1.186103
204 0.782283
204 0.778865
204 0.773514
204 1.183324
204 0.782501
204 1.189451
204 1.113494
204 1.113492
204 1.113931
204 1.176611
204 1.181711
204 1.188482
204 1.581958
204 1.170945
204 1.478123
204 1.179104
204 0.772943
204 1.184531
204 1.185341
204 0.780550
204 0.778131
204 0.777404
204 0.775095
204 1.184812
204 1.188089
204 1.482426
204 1.096803
204 1.172170
204 1.492023
204 1.188238
204 1.180038
204 1.578120
204 1.179752
204 0.773201
204 1.976389
204 1.179831
204 1.976149
204 1.581533
204 1.182755
204 0.777262
204 0.780209
204 1.180705
204 0.776764
204 0.779512
204 1.585207
204 1.585644
204 1.176962
204 1.181354
204 1.178703
204 1.181361
204 0.781050
204 0.780540
204 1.179348
204 1.179502
204 1.178564
204 0.780569
204 1.582770
204 1.176221
204 0.780261
204 1.979111
204 0.777750
204 1.585562
204 1.176818
204 1.578441
204 1.589084
204 0.777743
204 1.175891
204 0.778289
204 1.173594
204 1.174266
204 0.776522
204 1.174455
204 1.581501
204 1.174362
204 0.778454
204 1.173971
204 1.170944
204 1.176793
204 1.578908
204 1.175192
204 1.581281
204 0.785048
204 1.178581
204 0.785050
204 1.175538
204 1.178913
204 1.578235
204 1.179809
204 1.181177
204 1.183546
204 1.180108
204 1.185173
204 1.179916
204 1.579566
204 1.581625
204 1.181686
204 1.114546
204 1.117055
204 0.773905
204 1.168130
204 1.574251
204 0.777468
204 1.173196
204 1.573084
204 1.169908
204 1.169895
204 1.510739
204 0.818352
204 0.819446
204 0.719202
204 1.517163
204 1.169660
204 1.170751
204 1.172365
204 1.173136
204 1.173261
204 0.721774
204 1.179156
204 1.182573
204 1.180790
204 1.180747
204 1.979981
204 1.185147
204 1.190210
204 1.187869
204 0.786683
204 1.115874
204 1.247899
204 1.180563
204 1.087692
204 1.188563
204 1.189090
204 1.287513
204 1.190292
204 1.256360
204 1.190728
204 1.099414
204 1.180192
204 0.779693
204 1.478957
204 1.087110
204 1.183589
204 1.577535
204 1.482641
204 1.176362
204 1.183645
204 1.979324
204 1.098765
204 1.179029
204 1.976039
204 1.185155
204 1.185826
204 2.689924
204 1.094514
204 1.186170
204 1.185821
204 1.186403
204 1.097542
204 1.466893
204 1.182382
204 1.182079
204 1.089003
204 1.182866
204 1.182202
204 1.182163
204 1.092417
204 1.183286
204 1.095774
204 0.697978
204 1.581401
204 1.182212
204 1.087394
204 1.182594
204 1.085056
204 1.184803
204 1.183349
204 1.183175
204 1.183099
204 1.488823
204 1.079360
204 1.183224
204 1.084174
204 0.787917
204 1.181850
204 1.181663
204 1.183248
204 1.182233
204 1.183337
204 1.182464
204 1.093771
204 1.206898
204 1.112148
204 1.206026
204 1.206042
204 1.206831
204 1.207513
204 1.206942
204 0.883588
204 0.941468
204 1.191751
204 1.182915
204 1.281089
204 1.281069
204 1.280485
204 0.854362
204 0.884114
204 1.180493
204 1.280794
204 1.281027
204 1.281936
204 1.277972
204 0.876308
204 1.246782
204 1.280008
204 0.788332
204 1.280773
204 0.888396
204 1.397245
204 1.398451
204 1.309096
204 1.307820
204 0.899046
204 1.268799
204 1.380049
204 1.381166
204 1.381049
204 1.681722
204 1.351431
204 1.293610
204 1.351616
204 1.388584
204 1.687948
204 1.390629
204 0.982735
204 1.449330
204 1.391001
204 1.782689
204 1.287804
204 1.373939
204 1.380850
204 1.378449
204 2.082901
204 1.683026
204 1.379975
204 1.284738
204 1.284826
204 1.383855
204 1.382579
204 0.971419
204 1.689284
204 0.978859
204 1.744733
204 1.483102
204 1.377332
204 1.376436
204 0.978374
204 1.370043
204 1.377896
204 1.295323
204 1.471651
204 1.270750
204 1.388513
204 1.372446
204 1.381629
204 1.377229
204 1.384882
204 1.381651
204 1.383431
204 0.996958
204 1.376204
204 1.379152
204 1.754055
204 1.390100
204 1.377381
204 1.478837
204 1.377463
204 1.378054
204 1.384042
204 1.294390
204 1.391131
204 1.373179
204 1.374830
204 1.371889
204 0.880725
204 1.374633
204 1.377820
204 1.373272
204 1.378506
204 2.088679
204 1.376227
204 1.774813
204 1.376309
204 1.377681
204 0.979244
204 1.474731
204 0.874079
204 1.375000
204 2.178495
204 1.293213
204 1.298578
204 1.395300
204 1.298969
204 0.782724
204 0.859992
204 1.383345
204 1.381458
204 0.868132
204 1.380192
204 1.268478
204 1.694834
204 1.269571
204 0.794574
204 1.269833
204 1.355750
204 1.293176
204 1.359968
204 1.360060
204 1.294206
204 1.386246
204 1.199640
204 1.199856
204 1.278018
204 1.279075
204 1.279625
204 0.787071
204 1.281212
204 1.283113
204 1.777025
204 1.185588
204 1.283522
204 1.696532
204 0.768574
204 0.780271
204 1.169720
204 1.680805
204 1.285558
204 1.171417
204 1.781460
204 1.284887
204 1.285495
204 1.773870
204 1.180937
204 1.184902
204 1.177854
204 1.184958
204 0.775999
204 1.184912
204 1.177821
204 1.262870
204 1.776412
204 1.091820
204 1.669905
204 0.694296
204 1.096553
204 1.081413
204 1.082317
204 1.175982
204 1.077198
204 1.176070
204 1.178548
204 1.177721
204 1.178547
204 1.076584
204 0.776613
204 1.178073
204 1.581373
204 1.178466
204 1.087486
204 1.178672
204 1.179360
204 1.581384
204 1.178593
204 1.095637
204 1.175170
204 0.766139
204 1.181967
204 1.085550
204 1.182652
204 1.080569
204 0.781892
204 0.767672
204 1.178865
204 0.993547
204 1.083988
204 0.993560
204 0.991457
204 1.095126
204 1.173631
204 1.175683
204 1.176751
204 1.474855
204 1.177206
204 1.087370
204 1.395212
204 1.091875
204 1.083661
204 0.996137
204 1.090534
204 1.166483
204 1.172101
204 1.174110
204 1.077323
204 1.084166
204 0.695070
204 1.093354
204 0.994724
204 0.994770
204 1.093297
204 1.092747
204 0.994984
204 2.174531
204 1.178439
204 1.070948
204 1.488173
204 1.491608
204 1.090986
204 1.080225
204 0.693510
204 1.090836
204 1.091010
204 0.692209
204 1.091163
204 1.094266
204 1.072891
204 1.092199
204 1.078805
204 0.992954
204 1.080417
204 1.080485
204 1.092016
204 1.092170
204 1.080717
204 0.692074
204 1.096520
204 1.009210
204 1.079090
204 0.989137
204 1.080423
204 1.080558
204 1.081154
204 1.071843
204 0.983858
204 1.072086
204 0.990046
204 0.990330
204 0.994234
204 0.995533
204 0.902263
204 0.588758
204 0.598034
204 1.076959
204 1.379134
204 0.681060
204 1.071025
204 0.986383
204 0.986209
204 1.692380
204 0.898826
204 0.994056
204 0.894743
204 0.582543
204 0.896584
204 1.382037
204 0.594530
204 0.976803
204 0.982273
204 0.975123
204 1.383706
204 0.975860
204 0.985707
204 0.990057
204 0.892573
204 0.579148
204 0.919464
204 0.922860
204 1.078901
204 0.988035
204 0.988590
204 0.992615
204 0.988613
204 0.892208
204 0.989924
204 1.077538
204 0.893735
204 0.898784
204 0.900918
204 1.295794
204 1.199892
204 0.806437
204 0.899443
204 0.900714
204 0.899539
204 1.283447
204 0.986074
204 0.885008
204 1.285514
204 0.885812
204 0.886229
204 0.885807
204 1.195695
204 0.891816
204 0.892601
204 0.879474
204 0.883141
204 0.883632
204 0.883835
204 0.800735
204 0.787053
204 1.274148
204 0.873148
204 0.887592
204 0.887860
204 0.887960
204 0.982772
204 0.873736
204 0.878070
204 0.880556
204 0.895055
204 0.797255
204 0.795670
204 0.799108
204 0.799140
204 0.799629
