204 0.027784
204 0.021745
204 0.020423
204 0.049038
204 0.048324
204 0.046360
204 0.051621
204 0.057985
204 0.049911
204 0.058592
204 0.047030
204 0.133319
204 0.141829
204 0.174729
204 0.175975
204 0.170431
204 0.173521
204 0.245893
204 0.243029
204 0.238026
204 0.245676
204 0.251571
204 0.248313
204 0.250511
204 0.241858
204 0.251040
204 0.252289
204 0.250991
204 0.334970
204 0.334069
204 0.335352
204 0.337520
204 0.337842
204 0.339180
204 0.349426
204 0.349023
204 0.351176
204 0.352927
204 0.425195
204 0.426481
204 0.426297
204 0.427014
204 0.428211
204 0.430002
204 0.428637
204 0.175726
204 0.439630
204 0.440525
204 0.447979
204 0.393175
204 0.442178
204 0.267073
204 0.488276
204 0.481107
204 0.537406
204 0.503278
204 0.538592
204 0.103110
204 0.502795
204 0.541692
204 0.497387
204 0.190881
204 0.630906
204 0.279375
204 0.637169
204 0.596555
204 0.650040
204 0.509643
204 0.648442
204 0.653032
204 0.196906
204 0.094157
204 0.556026
204 0.721798
204 0.554316
204 0.555570
204 0.564787
204 0.493525
204 0.493675
204 0.485795
204 0.481241
204 0.095478
204 0.480259
204 0.480009
204 0.574711
204 0.574701
204 0.570111
204 0.487704
204 0.491117
204 0.843782
204 0.494576
204 0.099882
204 0.495570
204 0.492708
204 0.088315
204 0.495572
204 0.845947
204 0.489124
204 0.416880
204 0.483225
204 0.489094
204 0.893797
204 0.493696
204 0.934309
204 0.487365
204 0.184214
204 0.486593
204 0.500153
204 0.197882
204 1.030009
204 0.579375
204 0.582711
204 1.033703
204 0.488010
204 0.500156
204 0.489888
204 0.500114
204 0.490237
204 0.907063
204 0.181984
204 0.495515
204 0.567957
204 0.471273
204 0.472584
204 0.464356
204 0.582893
204 0.187084
204 0.092832
204 0.479099
204 0.480953
204 0.478297
204 0.785008
204 0.564562
204 0.567745
204 0.868916
204 0.484957
204 0.482624
204 0.497513
204 0.483957
204 0.485917
204 0.392758
204 0.176720
204 0.489492
204 0.484089
204 0.098868
204 0.478408
204 0.474055
204 0.474216
204 0.475497
204 0.180338
204 0.478343
204 0.490782
204 0.491170
204 0.478426
204 0.477082
204 0.480418
204 0.569968
204 0.485665
204 0.572229
204 0.888550
204 0.481083
204 0.481717
204 0.491013
204 0.497502
204 0.506030
204 0.496238
204 0.800947
204 0.401012
204 0.495598
204 0.586399
204 0.480351
204 0.870009
204 0.477371
204 0.479874
204 0.187491
204 0.480842
204 0.480106
204 0.490486
204 0.480210
204 0.481683
204 0.400804
204 0.489261
204 0.487578
204 1.181710
204 0.877415
204 0.487914
204 0.086601
204 0.403806
204 0.403835
204 0.503091
204 0.490891
204 0.403462
204 0.490985
204 0.785268
204 0.505028
204 0.478923
204 0.183313
204 0.484738
204 0.486241
204 0.486967
204 0.486166
204 0.486789
204 0.486922
204 0.186718
204 0.412739
204 0.568025
204 0.475456
204 0.167281
204 0.478050
204 0.477409
204 0.168190
204 0.476877
204 0.486040
204 0.486833
204 0.486276
204 0.398715
204 0.397950
204 0.479114
204 0.467154
204 0.481775
204 0.481008
204 0.866102
204 0.474820
204 0.478862
204 0.482052
204 0.491758
204 0.480228
204 0.480281
204 0.396756
204 0.482412
204 0.397325
204 0.479248
204 0.470425
204 0.473161
204 0.874866
204 0.473463
204 0.778883
204 0.481189
204 0.471682
204 0.794937
204 0.395765
204 0.482923
204 0.465191
204 0.485036
204 0.467546
204 0.468417
204 0.469244
204 0.467510
204 0.485017
204 0.787388
204 0.789814
204 0.482368
204 0.385001
204 0.569014
204 0.569846
204 0.474276
204 0.474789
204 0.468767
204 0.473023
204 0.480358
204 0.482170
204 0.401188
204 0.483276
204 0.684748
204 0.484396
204 0.401469
204 0.485415
204 0.474550
204 0.479116
204 0.486225
204 0.480013
204 0.492849
204 0.485036
204 0.494708
204 0.485025
204 0.486573
204 0.095111
204 0.190029
204 0.468938
204 0.470878
204 0.485103
204 0.492907
204 0.484685
204 0.483921
204 0.494598
204 0.181775
204 0.497296
204 0.497277
204 0.487616
204 0.567449
204 0.569377
204 0.483017
204 0.485050
204 0.493686
204 0.493901
204 0.493686
204 0.495223
204 0.486523
204 0.486457
204 0.500167
204 0.486122
204 0.478282
204 0.486454
204 0.476766
204 0.491328
204 0.493151
204 0.496235
204 0.493829
204 0.485320
204 0.485310
204 0.493186
204 0.198759
204 0.780104
204 0.883296
204 0.478471
204 0.484063
204 0.487124
204 0.484365
204 0.182146
204 0.181640
204 0.494856
204 0.399714
204 0.568245
204 0.579995
204 0.566778
204 0.573645
204 0.573141
204 0.574825
204 0.477145
204 0.880889
204 0.486413
204 0.491203
204 0.502262
204 0.506485
204 0.572704
204 0.269867
204 0.487444
204 0.575053
204 0.575691
204 0.576003
204 0.191773
204 0.491848
204 0.575286
204 0.589349
204 0.574828
204 0.577871
204 0.579867
204 0.581894
204 0.581120
204 0.583450
204 0.889921
204 0.199889
204 0.508097
204 0.508318
204 0.492477
204 0.496062
204 0.876324
204 0.576913
204 0.578503
204 0.581661
204 0.497281
204 0.589804
204 0.486712
204 0.502971
204 0.486783
204 0.491947
204 0.593143
204 0.566210
204 0.567347
204 0.567599
204 0.485305
204 0.580452
204 0.491954
204 0.174722
204 0.499806
204 0.496583
204 0.492521
204 0.595415
204 0.583088
204 0.990607
204 0.495037
204 0.581939
204 0.193885
204 0.595493
204 0.501269
204 0.182676
204 0.501053
204 0.577618
204 0.582476
204 0.573215
204 0.583133
204 0.495660
204 0.496174
204 0.485080
204 0.884100
204 0.582040
204 0.578533
204 0.475549
204 0.584908
204 0.472473
204 0.576867
204 0.484675
204 0.479970
204 0.476228
204 0.483326
204 0.488229
204 0.558988
204 0.560691
204 0.571051
204 0.579476
204 0.568330
204 0.482120
204 0.491681
204 0.977174
204 0.660973
204 0.563983
204 0.566950
204 0.569920
204 0.569686
204 0.582501
204 0.582515
204 0.887195
204 0.982586
204 0.278996
204 0.574172
204 0.571342
204 0.588219
204 0.578211
204 0.975289
204 0.191753
204 0.898152
204 0.599955
204 0.587840
204 0.597027
204 0.602415
204 0.673648
204 0.670769
204 0.578788
204 0.578745
204 0.983733
204 0.570403
204 0.494880
204 0.583368
204 0.490200
204 0.490036
204 0.673838
204 0.674324
204 0.673685
204 0.680242
204 0.680277
204 0.596517
204 0.495894
204 0.503473
204 0.275393
204 0.681593
204 0.690618
204 0.584966
204 0.582840
204 0.694659
204 0.280157
204 0.591038
204 0.604374
204 0.984315
204 0.595420
204 0.688094
204 0.583533
204 0.676926
204 0.575352
204 0.590141
204 0.593494
204 0.597112
204 0.507972
204 0.508037
204 0.994783
204 0.504375
204 0.508087
204 0.669736
204 0.579780
204 0.584812
204 0.590493
204 0.593220
204 0.494900
204 0.185810
204 0.496843
204 0.497026
204 0.497260
204 0.590682
204 0.488960
204 0.270671
204 0.582052
204 0.985468
204 0.581745
204 0.483735
204 0.585742
204 0.985138
204 0.495023
204 0.582209
204 0.495228
204 0.489010
204 0.577026
204 0.583598
204 0.596152
204 0.486061
204 0.596349
204 0.596151
204 0.486009
204 0.486018
204 0.595389
204 0.486632
204 0.575471
204 0.580750
204 0.185184
204 0.489493
204 0.485855
204 0.581080
204 0.187505
204 0.497387
204 0.581551
204 0.492175
204 0.188888
204 0.502480
204 0.575605
204 0.896669
204 0.589996
204 0.479116
204 0.893093
204 0.489768
204 0.479185
204 0.489751
204 0.479053
204 0.489828
204 0.559923
204 0.575178
204 0.576929
204 0.486722
204 0.578984
204 0.475793
204 0.571678
204 0.583822
204 0.492635
204 0.480753
204 0.489562
204 0.581002
204 0.566659
204 0.571884
204 0.587426
204 0.483941
204 0.498387
204 0.485302
204 0.483989
204 0.584158
204 0.485776
204 0.782902
204 0.674611
204 0.585672
204 0.873999
204 0.200212
204 0.593520
204 0.201473
204 0.493355
204 0.593839
204 0.491206
204 0.575528
204 0.283407
204 0.574600
204 0.584450
204 0.190300
204 0.595577
204 0.486663
204 0.208286
204 0.190543
204 0.191724
204 0.488108
204 0.571722
204 0.275362
204 0.577096
204 0.582632
204 0.196974
204 0.598055
204 0.666934
204 0.967312
204 0.669146
204 0.566860
204 0.664223
204 0.565307
204 0.568197
204 0.488151
204 0.592209
204 0.183999
204 0.578236
204 0.578353
204 0.176108
204 0.175006
204 0.488513
204 0.667824
204 0.594600
204 0.892482
204 0.498225
204 0.884900
204 0.591632
204 0.486331
204 0.502600
204 0.883924
204 0.594127
204 0.681105
204 0.669537
204 0.574325
204 0.595557
204 0.979258
204 0.476539
204 0.185003
204 0.879135
204 0.583576
204 0.895788
204 0.873396
204 0.476526
204 0.560378
204 0.566084
204 0.565901
204 0.081201
204 0.473802
204 0.573685
204 0.473944
204 0.877040
204 0.588530
204 0.488954
204 0.588493
204 0.564958
204 0.480488
204 0.972002
204 0.583788
204 0.485896
204 0.490150
204 0.985824
204 0.894457
204 0.582169
204 0.663659
204 0.573072
204 0.573709
204 0.476676
204 0.574156
204 0.497762
204 0.497905
204 0.498595
204 0.492978
204 0.500446
204 0.569924
204 0.581335
204 0.580986
204 0.568251
204 0.574201
204 0.482745
204 0.583532
204 0.481571
204 0.493076
204 0.575625
204 0.575153
204 0.588393
204 0.576702
204 0.579531
204 0.591968
204 0.205324
204 0.496454
204 0.491764
204 0.494065
204 0.193018
204 0.503813
204 0.572868
204 0.178412
204 0.984557
204 0.585385
204 0.490132
204 0.490306
204 0.202949
204 0.491523
204 0.804168
204 0.671062
204 0.572418
204 0.585078
204 0.276570
204 0.174096
204 0.175040
204 0.585504
204 0.175754
204 0.175225
204 0.091926
204 0.175640
204 0.487286
204 0.887562
204 0.176463
204 0.576090
204 0.581353
204 0.482235
204 0.582679
204 0.178974
204 0.593257
204 0.482294
204 0.593258
204 0.495014
204 0.591180
204 0.571547
204 0.971646
204 0.889202
204 0.588224
204 0.588312
204 0.498375
204 0.493071
204 0.501713
204 0.802495
204 0.581260
204 0.571765
204 0.967450
204 0.667797
204 0.268247
204 0.586392
204 0.899526
204 0.489498
204 0.989775
204 0.975725
204 0.277746
204 0.580691
204 0.980036
204 0.586405
204 0.283696
204 0.898821
204 0.492303
204 0.500772
204 0.500765
204 0.195199
204 0.895705
204 0.194553
204 0.491182
204 0.564974
204 0.568595
204 0.577742
204 0.074533
204 0.478202
204 0.479270
204 0.185835
204 0.481514
204 0.272974
204 0.271726
204 0.579689
204 0.579232
204 0.575208
204 1.294969
204 0.486162
204 0.576144
204 0.590027
204 0.590131
204 0.498144
204 0.574840
204 0.575762
204 0.670952
204 0.576586
204 0.579017
204 0.585229
204 0.483613
204 0.888773
204 0.888773
204 0.586627
204 0.495713
204 0.484958
204 0.497611
204 1.287336
204 0.405193
204 0.480404
204 0.958740
204 0.481429
204 0.579393
204 0.590318
204 0.777307
204 1.190991
204 0.776978
204 0.384269
204 0.493411
204 0.493459
204 0.386405
204 0.493578
204 0.374480
204 0.461800
204 0.474040
204 0.479538
204 0.480343
204 0.475337
204 0.471913
204 0.879238
204 0.473485
204 0.473576
204 0.473571
204 0.486602
204 0.390882
204 0.394429
204 0.394896
204 0.470169
204 0.470772
204 0.774408
204 0.481840
204 0.488960
204 0.477563
