204 0.025221
204 0.019501
204 0.019792
204 0.084131
204 0.089590
204 0.089924
204 0.080884
204 0.176510
204 0.156136
204 0.164302
204 0.157644
204 0.177032
204 0.178187
204 0.160527
204 0.166127
204 0.180970
204 0.159958
204 0.170594
204 0.171239
204 0.259570
204 0.249559
204 0.251757
204 0.254447
204 0.262311
204 0.259506
204 0.259158
204 0.264820
204 0.259030
204 0.264405
204 0.261562
204 0.270803
204 0.354539
204 0.357332
204 0.357654
204 0.369431
204 0.368568
204 0.359469
204 0.365935
204 0.368056
204 0.367718
204 0.333874
204 0.368777
204 0.363404
204 0.379899
204 0.446800
204 0.457229
204 0.451906
204 0.456708
204 0.460516
204 0.453863
204 0.458008
204 0.458552
204 0.462400
204 0.458464
204 0.460390
204 0.480788
204 0.461732
204 0.462306
204 0.548968
204 0.503163
204 0.553680
204 0.547629
204 0.547286
204 0.507115
204 0.557661
204 0.554716
204 0.508231
204 0.557538
204 0.637238
204 0.630779
204 0.647920
204 0.634809
204 0.638515
204 0.651186
204 0.647995
204 0.648082
204 0.649551
204 0.723120
204 0.750148
204 0.711270
204 0.704793
204 0.719551
204 0.719416
204 0.725000
204 0.715644
204 0.722383
204 0.723743
204 0.706999
204 0.723286
204 0.705111
204 0.723780
204 0.720152
204 0.722007
204 0.799627
204 0.804238
204 0.688090
204 0.805199
204 0.804232
204 0.799003
204 0.804869
204 0.804983
204 0.804700
204 0.771809
204 0.888590
204 0.939413
204 0.897024
204 0.896650
204 0.903857
204 0.905265
204 0.902078
204 0.953590
204 0.903258
204 0.905554
204 0.986592
204 0.988142
204 0.972379
204 0.998643
204 0.999037
204 0.997831
204 0.999144
204 1.014248
204 1.000931
204 0.992292
204 1.092593
204 1.085701
204 1.109211
204 1.116096
204 0.979868
204 0.981490
204 0.981312
204 0.981368
204 0.994904
204 0.682623
204 0.995650
204 0.910352
204 0.897990
204 1.068932
204 1.078245
204 1.243015
204 1.083550
204 0.982576
204 0.898247
204 1.206992
204 0.998412
204 0.690308
204 0.681320
204 0.681239
204 0.682936
204 1.082730
204 1.072572
204 1.076064
204 1.076186
204 0.680176
204 1.004626
204 0.991400
204 0.995773
204 1.002967
204 0.991501
204 0.993432
204 1.073354
204 1.086778
204 1.074592
204 1.080240
204 0.979797
204 0.676670
204 0.683916
204 0.677982
204 0.986917
204 1.083940
204 1.075551
204 1.071476
204 1.385488
204 0.771009
204 1.072050
204 1.092532
204 1.086017
204 1.087653
204 0.992692
204 1.085991
204 1.100162
204 0.987829
204 1.067486
204 1.371651
204 0.773961
204 1.069963
204 1.371393
204 0.990010
204 0.976650
204 0.991556
204 0.681674
204 0.977005
204 0.693979
204 1.398757
204 0.683620
204 0.764676
204 1.469323
204 1.373427
204 0.991823
204 0.682336
204 0.590646
204 1.382565
204 0.994031
204 0.995358
204 0.985961
204 1.172225
204 1.065605
204 1.079470
204 1.382065
204 1.385986
204 0.994940
204 1.079057
204 0.685721
204 1.082793
204 1.079645
204 0.686343
204 0.988999
204 1.095543
204 1.074424
204 1.080216
204 1.386476
204 1.085124
204 1.085177
204 0.991668
204 0.991487
204 1.085151
204 0.694491
204 1.085649
204 0.981412
204 0.986812
204 1.287542
204 0.993549
204 0.984953
204 1.067165
204 1.381618
204 0.991552
204 1.383506
204 1.482744
204 0.983353
204 0.991990
204 0.896039
204 0.596060
204 0.992233
204 0.898566
204 1.383677
204 1.072829
204 1.075755
204 1.080522
204 0.993543
204 0.986104
204 0.583768
204 0.978192
204 0.988525
204 1.381283
204 0.594317
204 1.207946
204 1.069547
204 0.981203
204 0.984982
204 1.073864
204 0.584647
204 0.987908
204 0.990360
204 0.990045
204 0.598471
204 0.988111
204 0.988517
204 0.904121
204 1.089180
204 1.077298
204 1.018786
204 0.919150
204 0.998617
204 0.607794
204 0.998019
204 1.063743
204 1.083564
204 1.083942
204 1.070072
204 1.072396
204 0.996458
204 0.995243
204 0.583069
204 0.988990
204 1.080477
204 0.699844
204 0.989650
204 0.992931
204 1.478242
204 1.084615
204 1.384739
204 0.683219
204 1.377793
204 0.683856
204 0.983353
204 1.074015
204 0.779192
204 0.766469
204 1.071448
204 0.678589
204 1.177756
204 1.079699
204 1.470786
204 1.070706
204 1.474461
204 0.772316
204 1.172194
204 1.085069
204 1.193418
204 1.206340
204 1.195049
204 1.195308
204 1.195058
204 1.562310
204 1.174463
204 1.273829
204 1.191605
204 1.273252
204 1.178426
204 1.197548
204 1.186226
204 1.189151
204 1.269303
204 1.465104
204 1.568968
204 1.186583
204 1.278026
204 1.173587
204 1.186467
204 1.490609
204 1.195899
204 1.195880
204 1.182596
204 1.482095
204 1.181899
204 1.269288
204 1.173645
204 1.175086
204 1.189218
204 1.585581
204 1.582405
204 1.183176
204 1.181173
204 1.195411
204 1.501876
204 1.262361
204 1.263086
204 1.679075
204 1.264269
204 1.270408
204 1.271330
204 1.189417
204 0.865696
204 1.189636
204 1.189849
204 1.275360
204 1.269072
204 1.276643
204 1.269425
204 1.278997
204 1.281426
204 1.181804
204 1.295684
204 1.194996
204 1.186069
204 1.186910
204 1.187389
204 1.196075
204 0.968780
204 0.966613
204 1.270659
204 1.270835
204 1.188140
204 1.271052
204 1.195716
204 1.180051
204 1.195146
204 1.195764
204 1.272437
204 0.790420
204 1.183911
204 1.265215
204 1.264326
204 1.275081
204 0.667153
204 1.164253
204 1.280524
204 1.284377
204 1.193567
204 1.493632
204 1.577891
204 1.193697
204 1.169959
204 1.094401
204 1.248516
204 1.571455
204 1.179351
204 1.180326
204 1.195165
204 1.186012
204 1.198492
204 0.691659
204 1.186880
204 1.577554
204 1.266732
204 1.169499
204 1.280415
204 1.285864
204 1.192500
204 1.179717
204 1.179712
204 0.681802
204 1.179733
204 1.179791
204 1.188336
204 1.096261
204 0.593811
204 1.183624
204 1.183595
204 1.083335
204 1.081683
204 1.083724
204 1.081094
204 1.081233
204 1.092213
204 1.093858
204 0.595033
204 0.969367
204 0.597098
204 0.988905
204 0.975879
204 1.061852
204 1.062872
204 1.557997
204 0.983506
204 0.992661
204 0.994608
204 1.000494
204 0.992613
204 0.904014
204 0.905544
204 0.905490
204 1.585081
204 0.670863
204 0.986642
204 1.895543
204 0.993688
204 0.993651
204 0.986773
204 0.990701
204 0.988734
204 0.992402
204 1.789444
204 1.080880
204 1.074553
204 0.985261
204 1.500069
204 0.997162
204 0.983147
204 0.983204
204 0.992957
204 0.586981
204 1.395051
204 0.985409
204 0.586655
204 1.287158
204 0.973783
204 0.971452
204 0.985016
204 0.982876
204 0.972776
204 0.985011
204 0.973614
204 0.883150
204 0.985706
204 0.897975
204 0.978956
204 0.967471
204 0.965999
204 0.979014
204 1.371193
204 0.967741
204 0.970270
204 0.991710
204 0.983492
204 0.587822
204 0.899311
204 0.595651
204 0.598308
204 0.898556
204 0.996864
204 0.978565
204 0.969516
204 0.683484
204 0.987072
204 0.595726
204 0.682107
204 1.288785
204 0.984175
204 0.984275
204 0.993015
204 0.987966
204 0.680637
204 0.966578
204 0.982858
204 0.669902
204 1.370176
204 0.971815
204 0.995979
204 0.982049
204 0.975926
204 0.988309
204 0.892036
204 0.595485
204 0.898600
204 0.985625
204 0.678952
204 0.987938
204 0.969927
204 0.969977
204 0.975997
204 1.279681
204 0.898031
204 0.885894
204 0.886069
204 1.199357
204 0.895492
204 0.984345
204 0.886722
204 1.068021
204 0.969862
204 0.576540
204 1.278511
204 0.978738
204 1.279746
204 1.279918
204 0.978700
204 0.891713
204 0.888950
204 0.889732
204 0.591115
204 0.665845
204 0.972297
204 0.979927
204 1.275904
204 0.978249
204 0.671050
204 1.680954
204 1.284433
204 1.286958
204 0.592488
204 0.606565
204 0.887658
204 0.901049
204 0.886140
204 0.897667
204 0.886306
204 0.676265
204 0.588257
204 0.897445
204 0.983075
204 0.597295
204 1.285694
204 0.881989
204 0.584942
204 0.883241
204 0.982646
204 0.964705
204 0.964760
204 0.975411
204 1.189999
204 0.976823
204 0.880198
204 0.989507
204 0.892188
204 0.993961
204 0.882197
204 1.281780
204 0.978408
204 0.892967
204 0.967218
204 0.978648
204 0.983540
204 0.975463
204 0.974584
204 0.678327
204 0.893404
204 0.901570
204 0.605414
204 0.904047
204 1.192220
204 0.897484
204 1.372479
204 0.982612
204 0.982565
204 1.267449
204 0.895601
204 0.885946
204 1.292685
204 0.895555
204 0.896267
204 0.883694
204 0.897205
204 0.584291
204 0.875497
204 0.967412
204 0.974693
204 0.968712
204 0.871786
204 0.970811
204 0.885402
204 0.885263
204 0.915857
204 0.702958
204 0.819893
204 0.968704
204 0.968910
204 0.969271
204 0.969693
204 1.572374
204 1.070751
204 0.893720
204 0.897503
204 0.894594
204 1.492456
204 0.987617
204 0.887610
204 0.890688
204 0.890474
204 0.901568
204 0.970345
204 0.971642
204 0.970161
204 0.969930
204 1.475106
204 0.881533
204 1.192948
204 0.981869
204 0.880557
204 0.895711
204 0.894854
204 0.579814
204 0.896875
204 0.970784
204 0.973571
204 0.887774
204 0.974020
204 0.916996
204 0.903933
204 1.015321
204 1.014392
204 0.601403
204 1.498356
204 0.905881
204 0.974461
204 0.975852
204 1.073401
204 0.977173
204 0.983321
204 0.683650
204 0.985331
204 0.590997
204 0.591687
204 0.899431
204 0.881349
204 0.989525
204 0.991699
204 0.889741
204 0.976091
204 0.975822
204 0.976186
204 0.979439
204 0.977067
204 0.991746
204 0.973326
204 0.974052
204 0.973551
204 0.582016
204 0.975338
204 0.892848
204 0.995209
204 0.867650
204 1.059727
204 0.964763
204 0.964671
204 0.964635
204 0.586756
204 0.971766
204 0.882733
204 0.594138
204 0.980035
204 0.978838
204 0.884073
204 0.885976
204 0.884741
204 0.978841
204 0.897858
204 0.596245
204 0.967452
204 0.866057
204 0.980904
204 1.171291
204 0.879626
204 0.993812
204 0.880014
204 0.577805
204 0.877029
204 0.875487
204 0.884344
204 0.889156
204 0.797883
204 0.965625
204 0.869686
204 0.975648
204 0.975634
204 0.882947
204 0.889335
204 0.877041
204 1.192806
204 0.879639
204 0.890456
204 0.880994
204 0.880072
204 0.880151
204 0.880178
204 0.804237
204 0.774731
204 1.090764
204 0.548969
204 0.882226
204 0.884781
204 0.886198
204 0.855050
204 0.485456
204 0.790566
204 0.893230
204 0.485889
204 0.776644
204 0.790814
204 0.790858
204 0.782936
204 0.782651
204 1.076391
204 0.800284
204 0.786514
204 0.707820
204 0.713653
204 0.770066
204 0.869478
204 0.882285
204 0.872692
204 0.867951
204 0.877610
204 0.796576
204 0.781992
204 0.779131
204 0.479464
204 0.782368
204 0.779646
204 0.779729
204 0.781650
204 0.779858
204 0.782125
204 0.698455
204 0.668424
204 0.668773
204 0.699021
204 0.669030
204 0.781719
204 0.751125
204 0.677064
204 0.782908
204 0.757109
204 0.756078
204 0.685586
204 0.680683
204 0.678888
204 0.993309
204 0.681387
204 1.683520
204 0.676633
204 1.067112
204 0.677623
204 0.675466
204 0.683996
204 0.682850
204 0.591398
204 0.600884
204 0.591613
204 0.596126
204 0.762446
204 0.679288
204 0.669347
204 0.758592
204 0.679750
204 0.681488
204 0.691498
204 0.692634
204 0.997472
204 0.693071
204 0.682480
