204 0.019442
204 0.048893
204 0.048972
204 0.051032
204 0.054099
204 0.054718
204 0.052236
204 0.054632
204 0.054624
204 0.056723
204 0.037598
204 0.089708
204 0.089736
204 0.091356
204 0.089293
204 0.089397
204 0.091373
204 0.089389
204 0.098504
204 0.099625
204 0.087238
204 0.093776
204 0.096036
204 0.176698
204 0.179733
204 0.180268
204 0.179441
204 0.180104
204 0.179885
204 0.177188
204 0.176909
204 0.088268
204 0.090604
204 0.085305
204 0.095552
204 0.095681
204 0.087547
204 0.098805
204 0.087544
204 0.176840
204 0.176987
204 0.176039
204 0.183544
204 0.083599
204 0.085179
204 0.095947
204 0.085283
204 0.085407
204 0.085275
204 0.093512
204 0.090910
204 0.079284
204 0.094432
204 0.079369
204 0.179152
204 0.164708
204 0.171802
204 0.174302
204 0.171920
204 0.088666
204 0.090270
204 0.096040
204 0.095928
204 0.172891
204 0.099998
204 0.100711
204 0.099729
204 0.084433
204 0.084368
204 0.100656
204 0.182427
204 0.171513
204 0.171419
204 0.095381
204 0.168159
204 0.168540
204 0.173832
204 0.168583
204 0.079930
204 0.085450
204 0.085467
204 0.168679
204 0.087146
204 0.175845
204 0.022253
204 0.081020
204 0.089136
204 0.091167
204 0.089194
204 0.089397
204 0.089723
204 0.088559
204 0.089190
204 0.089719
204 0.156176
204 0.091544
204 0.086513
204 0.181805
204 0.184690
204 0.183069
204 0.088216
204 0.184512
204 0.182550
204 0.088228
204 0.182103
204 0.088246
204 0.182012
204 0.088763
204 0.087314
204 0.090562
204 0.094305
204 0.091019
204 0.090920
204 0.092204
204 0.093248
204 0.092466
204 0.173912
204 0.083728
204 0.084433
204 0.083969
204 0.084617
204 0.094773
204 0.083959
204 0.095203
204 0.084009
204 0.168721
204 0.086649
204 0.087588
204 0.087578
204 0.087426
204 0.086866
204 0.169612
204 0.188914
204 0.173310
204 0.174866
204 0.101121
204 0.082770
204 0.083916
204 0.083981
204 0.084269
204 0.085214
204 0.097380
204 0.087743
204 0.096746
204 0.084723
204 0.097995
204 0.084685
204 0.089021
204 0.086385
204 0.099521
204 0.087320
204 0.081692
204 0.082813
204 0.082321
204 0.168807
204 0.169096
204 0.169824
204 0.174220
204 0.175575
204 0.175199
204 0.175424
204 0.094323
204 0.095738
204 0.095755
204 0.086611
204 0.089940
204 0.091122
204 0.083659
204 0.083649
204 0.083636
204 0.094600
204 0.094597
204 0.173327
204 0.174072
204 0.093134
204 0.095555
204 0.167259
204 0.172358
204 0.094149
204 0.094099
204 0.173931
204 0.174113
204 0.173548
204 0.186677
204 0.093238
204 0.094706
204 0.087301
204 0.085736
204 0.085526
204 0.167866
204 0.179350
204 0.084095
204 0.179255
204 0.170328
204 0.179950
204 0.179332
204 0.089563
204 0.179431
204 0.090823
204 0.089325
204 0.085222
204 0.092593
204 0.091089
204 0.090769
204 0.092061
204 0.092028
204 0.091955
204 0.094821
204 0.091765
204 0.087508
204 0.083553
204 0.088857
204 0.084646
204 0.083487
204 0.085246
204 0.089121
204 0.083483
204 0.084428
204 0.172995
204 0.081209
204 0.082133
204 0.083417
204 0.083428
204 0.082215
204 0.082178
204 0.082661
204 0.085256
204 0.167123
204 0.097665
204 0.086215
204 0.087027
204 0.086246
204 0.086899
204 0.086650
204 0.090555
204 0.169130
204 0.169416
204 0.103201
204 0.089009
204 0.165778
204 0.166476
204 0.169234
204 0.169437
204 0.171053
204 0.182764
204 0.092403
204 0.100757
204 0.088414
204 0.086236
204 0.087626
204 0.091661
204 0.095023
204 0.082892
204 0.098033
204 0.093430
204 0.082929
204 0.082929
204 0.091649
204 0.095431
204 0.087947
204 0.097689
204 0.089500
204 0.091010
204 0.094982
204 0.099974
204 0.173651
204 0.177535
204 0.180247
204 0.179341
204 0.088679
204 0.089348
204 0.089304
204 0.091268
204 0.091258
204 0.091375
204 0.103025
204 0.166941
204 0.182411
204 0.167427
204 0.187982
204 0.184629
204 0.171721
204 0.171239
204 0.171336
204 0.171952
204 0.083954
204 0.082540
204 0.082527
204 0.084735
204 0.084939
204 0.083412
204 0.172506
204 0.088305
204 0.088638
204 0.090326
204 0.020126
204 0.076591
204 0.079598
204 0.078339
204 0.081036
204 0.081975
204 0.079378
204 0.081582
204 0.081751
204 0.085394
204 0.067647
204 0.097808
204 0.094004
204 0.094376
204 0.094806
204 0.095004
204 0.097886
204 0.101276
204 0.098638
204 0.090282
204 0.100870
204 0.085053
204 0.087099
204 0.083613
204 0.083101
204 0.087132
204 0.087107
204 0.084024
204 0.084548
204 0.086290
204 0.089046
204 0.089809
204 0.085119
204 0.083518
204 0.085114
204 0.089403
204 0.088875
204 0.088525
204 0.085287
204 0.083700
204 0.088747
204 0.078679
204 0.083548
204 0.083906
204 0.081846
204 0.080308
204 0.164277
204 0.164293
204 0.164959
204 0.169033
204 0.167428
204 0.087353
204 0.088186
204 0.088090
204 0.088069
204 0.088720
204 0.087996
204 0.088737
204 0.088688
204 0.098869
204 0.084171
204 0.084015
204 0.083950
204 0.099793
204 0.171901
204 0.172011
204 0.088340
204 0.089522
204 0.100440
204 0.100537
204 0.100441
204 0.089479
204 0.091278
204 0.170951
204 0.081456
204 0.098730
204 0.099783
204 0.083527
204 0.084210
204 0.087988
204 0.083648
204 0.084183
204 0.164078
204 0.083579
204 0.080392
204 0.083776
204 0.101645
204 0.084737
204 0.084134
204 0.088024
204 0.085295
204 0.084901
204 0.094045
204 0.082183
204 0.088984
204 0.083640
204 0.082926
204 0.083468
204 0.084412
204 0.168698
204 0.167995
204 0.174612
204 0.088189
204 0.090416
204 0.098079
204 0.089132
204 0.169837
204 0.176215
204 0.177304
204 0.097340
204 0.084448
204 0.098959
204 0.084444
204 0.099010
204 0.084399
204 0.084502
204 0.093279
204 0.076008
204 0.083075
204 0.084383
204 0.084576
204 0.084394
204 0.084947
204 0.084899
204 0.098001
204 0.099711
204 0.075805
204 0.077167
204 0.081669
204 0.082072
204 0.092878
204 0.081636
204 0.079628
204 0.175650
204 0.162547
204 0.169563
204 0.083797
204 0.085937
204 0.086622
204 0.093833
204 0.088107
204 0.088176
204 0.094179
204 0.101112
204 0.102152
204 0.087981
204 0.086509
204 0.102232
204 0.086600
204 0.086463
204 0.090114
204 0.090566
204 0.092099
204 0.102440
204 0.163135
204 0.165494
204 0.170002
204 0.164259
204 0.165059
204 0.164475
204 0.164436
204 0.165843
204 0.167140
204 0.068209
204 0.083879
204 0.085813
204 0.086342
204 0.084707
204 0.090936
204 0.086316
204 0.085923
204 0.090691
204 0.093410
204 0.085499
204 0.088486
204 0.085469
204 0.085167
204 0.092394
204 0.089981
204 0.089849
204 0.088669
204 0.094124
204 0.093542
204 0.091794
204 0.085789
204 0.085869
204 0.086104
204 0.087798
204 0.086850
204 0.089105
204 0.087750
204 0.086050
204 0.085908
204 0.089837
204 0.079799
204 0.081125
204 0.081236
204 0.082082
204 0.082165
204 0.081075
204 0.084508
204 0.082102
204 0.087094
204 0.081231
204 0.085016
204 0.084767
204 0.085275
204 0.086077
204 0.094262
204 0.168187
204 0.170504
204 0.169777
204 0.178144
204 0.176033
204 0.084916
204 0.085515
204 0.085660
204 0.085641
204 0.085624
204 0.089691
204 0.091595
204 0.092433
204 0.098342
204 0.082620
204 0.082563
204 0.093866
204 0.084287
204 0.084193
204 0.084169
204 0.081659
204 0.083042
204 0.083075
204 0.083318
204 0.097653
204 0.090486
204 0.084500
204 0.095962
204 0.084602
204 0.090593
204 0.082373
204 0.077448
204 0.078258
204 0.080113
204 0.077668
204 0.078240
204 0.078087
204 0.078140
204 0.080132
204 0.167562
204 0.081890
204 0.080497
204 0.080474
204 0.082902
204 0.080491
204 0.080781
204 0.082897
204 0.084064
204 0.163056
204 0.080192
204 0.083204
204 0.080797
204 0.080203
204 0.081012
204 0.187287
204 0.173118
204 0.176013
204 0.172949
204 0.086404
204 0.087224
204 0.087459
204 0.103449
204 0.087657
204 0.087347
204 0.096059
204 0.097016
204 0.100848
204 0.089336
204 0.088988
204 0.089262
204 0.089206
204 0.171297
204 0.171778
204 0.180364
204 0.084792
204 0.085633
204 0.085652
204 0.086301
204 0.086306
204 0.085795
204 0.086480
204 0.079534
204 0.077918
204 0.078059
204 0.078252
204 0.095372
204 0.079417
204 0.082265
204 0.095389
204 0.079526
204 0.095380
204 0.079955
204 0.079926
204 0.162539
204 0.162934
204 0.161927
204 0.165550
204 0.167822
204 0.171189
204 0.171689
204 0.168528
204 0.087651
204 0.088656
204 0.087770
204 0.088805
204 0.088913
204 0.089075
204 0.091348
204 0.082203
204 0.091836
204 0.092052
204 0.092113
204 0.082455
204 0.094361
204 0.094727
204 0.094659
204 0.094837
204 0.088231
204 0.088945
204 0.088178
204 0.088279
204 0.088298
204 0.089502
204 0.078179
204 0.082512
204 0.079614
204 0.083950
204 0.081224
204 0.080069
204 0.079286
204 0.080895
204 0.084074
204 0.159637
204 0.077241
204 0.077453
204 0.079098
204 0.081133
204 0.080634
204 0.079132
204 0.081032
204 0.079094
204 0.173173
204 0.087439
204 0.092076
204 0.090011
204 0.092087
204 0.088365
204 0.176523
204 0.196903
204 0.176686
204 0.176580
204 0.084942
204 0.085844
204 0.085932
204 0.100168
204 0.085652
204 0.160998
204 0.091468
204 0.076967
204 0.089676
204 0.077055
204 0.089770
204 0.089735
204 0.077062
204 0.077102
204 0.077042
204 0.094005
204 0.079238
204 0.081993
204 0.087885
204 0.083421
204 0.083432
204 0.083050
204 0.082020
204 0.167257
204 0.166204
204 0.085974
204 0.088085
204 0.087957
204 0.087264
204 0.098240
204 0.094038
204 0.087834
204 0.087441
204 0.076712
204 0.076801
204 0.076850
204 0.186535
204 0.165451
204 0.166356
204 0.187589
204 0.167598
204 0.166439
204 0.167528
204 0.088470
204 0.089192
204 0.089181
204 0.086427
204 0.087195
204 0.088070
204 0.087270
204 0.087777
204 0.087227
204 0.093993
204 0.085370
204 0.085394
204 0.085416
204 0.092861
204 0.093936
204 0.102394
204 0.097474
204 0.103782
204 0.097264
204 0.102569
204 0.106489
204 0.103841
204 0.178238
204 0.165132
204 0.165543
204 0.165168
204 0.172051
204 0.165236
204 0.169557
204 0.165324
204 0.172796
204 0.167758
204 0.098468
204 0.079797
204 0.077698
204 0.084478
204 0.085653
204 0.086498
204 0.086368
204 0.086614
204 0.087967
204 0.088254
204 0.085673
204 0.089464
204 0.095057
204 0.086863
204 0.086731
204 0.089279
204 0.086790
204 0.095112
204 0.095179
204 0.087773
204 0.168694
204 0.081036
204 0.082113
204 0.082155
204 0.082011
204 0.162928
204 0.163577
204 0.162811
204 0.163004
204 0.168604
204 0.103995
204 0.086888
204 0.089378
204 0.090919
204 0.091304
204 0.096769
204 0.098030
204 0.095944
204 0.086951
204 0.098065
204 0.086477
204 0.084501
204 0.082687
204 0.082751
204 0.180844
204 0.082310
204 0.082990
204 0.085753
204 0.082762
204 0.082724
204 0.167675
204 0.168114
204 0.167384
204 0.173560
204 0.106268
204 0.089738
204 0.093625
204 0.094788
204 0.169566
204 0.170135
204 0.097025
204 0.098177
204 0.084646
204 0.085620
204 0.098210
204 0.085729
204 0.168266
204 0.181862
204 0.101021
204 0.101882
