204 0.016642
204 0.078201
204 0.079519
204 0.082099
204 0.068356
204 0.076414
204 0.070628
204 0.066405
204 0.074718
204 0.074552
204 0.073805
204 0.165697
204 0.167238
204 0.168108
204 0.166683
204 0.165272
204 0.168162
204 0.168249
204 0.166715
204 0.167619
204 0.166833
204 0.265838
204 0.266209
204 0.267150
204 0.266581
204 0.267535
204 0.266412
204 0.267714
204 0.267701
204 0.267121
204 0.251881
204 0.283282
204 0.290074
204 0.287635
204 0.286042
204 0.288549
204 0.290124
204 0.287724
204 0.290216
204 0.285957
204 0.280674
204 0.281453
204 0.281779
204 0.284784
204 0.283661
204 0.283790
204 0.284917
204 0.281861
204 0.282546
204 0.386801
204 0.279388
204 0.277507
204 0.280916
204 0.279780
204 0.380568
204 0.277489
204 0.279614
204 0.371827
204 0.376736
204 0.377847
204 0.282339
204 0.283107
204 0.284166
204 0.282478
204 0.282385
204 0.287889
204 0.379675
204 0.175604
204 0.271679
204 0.274641
204 0.278129
204 0.379707
204 0.276055
204 0.275997
204 0.379703
204 0.276648
204 0.276202
204 0.377715
204 0.283371
204 0.482247
204 0.380840
204 0.380844
204 0.285046
204 0.286656
204 0.378555
204 0.279276
204 0.277442
204 0.277999
204 0.381905
204 0.381999
204 0.280647
204 0.284649
204 0.371649
204 0.376435
204 0.389462
204 0.278943
204 0.379935
204 0.279414
204 0.279581
204 0.278830
204 0.377999
204 0.279344
204 0.390357
204 0.280992
204 0.382416
204 0.390400
204 0.283772
204 0.394481
204 0.283203
204 0.287200
204 0.472887
204 0.371350
204 0.376677
204 0.285642
204 0.285792
204 0.285408
204 0.285461
204 0.384433
204 0.478949
204 0.293640
204 0.286867
204 0.287595
204 0.183847
204 0.292704
204 0.287057
204 0.388195
204 0.184396
204 0.383448
204 0.279367
204 0.383981
204 0.385712
204 0.484479
204 0.580704
204 0.377603
204 0.378337
204 0.481654
204 0.378458
204 0.481075
204 0.384185
204 0.384204
204 0.479141
204 0.478635
204 0.388970
204 0.386645
204 0.392105
204 0.488138
204 0.382982
204 0.378710
204 0.384950
204 0.486777
204 0.379211
204 0.381623
204 0.382005
204 0.382170
204 0.388243
204 0.381965
204 0.283019
204 0.384676
204 0.480943
204 0.384047
204 0.384683
204 0.287136
204 0.386235
204 0.474245
204 0.283319
204 0.382914
204 0.383638
204 0.383658
204 0.280903
204 0.279512
204 0.282021
204 0.279786
204 0.279998
204 0.278634
204 0.386211
204 0.282451
204 0.285185
204 0.291637
204 0.285609
204 0.383840
204 0.285494
204 0.285512
204 0.287537
204 0.301281
204 0.475187
204 0.384928
204 0.384583
204 0.385178
204 0.382988
204 0.385473
204 0.384685
204 0.390102
204 0.480111
204 0.479044
204 0.380829
204 0.379455
204 0.379501
204 0.480767
204 0.379510
204 0.384044
204 0.386086
204 0.382806
204 0.388523
204 0.372317
204 0.375716
204 0.379974
204 0.372797
204 0.372841
204 0.373272
204 0.374248
204 0.377828
204 0.376557
204 0.277681
204 0.278729
204 0.280734
204 0.282143
204 0.285743
204 0.280740
204 0.472888
204 0.285009
204 0.284788
204 0.281566
204 0.276949
204 0.282382
204 0.278251
204 0.278344
204 0.280726
204 0.279638
204 0.279664
204 0.284626
204 0.281562
204 0.285375
204 0.570120
204 0.285052
204 0.286584
204 0.285007
204 0.285081
204 0.288002
204 0.290887
204 0.288599
204 0.288346
204 0.281219
204 0.381216
204 0.281560
204 0.284644
204 0.286035
204 0.282476
204 0.282610
204 0.386700
204 0.383684
204 0.286149
204 0.285568
204 0.283811
204 0.284458
204 0.384564
204 0.390413
204 0.286958
204 0.287326
204 0.282996
204 0.383285
204 0.385735
204 0.280001
204 0.280027
204 0.280310
204 0.383538
204 0.280680
204 0.288095
204 0.480944
204 0.281191
204 0.281305
204 0.281199
204 0.381604
204 0.281618
204 0.282775
204 0.474683
204 0.476552
204 0.277550
204 0.379117
204 0.275139
204 0.380596
204 0.275814
204 0.275606
204 0.275188
204 0.282724
204 0.381092
204 0.377442
204 0.274537
204 0.275431
204 0.275495
204 0.275487
204 0.274726
204 0.275584
204 0.375486
204 0.380828
204 0.378386
204 0.286857
204 0.287235
204 0.287215
204 0.286769
204 0.287091
204 0.286339
204 0.379862
204 0.381132
204 0.286908
204 0.294216
204 0.288688
204 0.288650
204 0.289047
204 0.292114
204 0.287695
204 0.287582
204 0.288771
204 0.381391
204 0.281554
204 0.283715
204 0.282298
204 0.281745
204 0.382845
204 0.283768
204 0.282076
204 0.297411
204 0.379433
204 0.278968
204 0.384892
204 0.281000
204 0.278695
204 0.282349
204 0.282476
204 0.278928
204 0.385154
204 0.283901
204 0.383534
204 0.386911
204 0.286757
204 0.384136
204 0.286899
204 0.285329
204 0.383931
204 0.286788
204 0.373676
204 0.279673
204 0.279676
204 0.279521
204 0.285178
204 0.280999
204 0.281885
204 0.379155
204 0.378274
204 0.285559
204 0.281035
204 0.286993
204 0.283387
204 0.281240
204 0.283049
204 0.378143
204 0.283518
204 0.292182
204 0.384008
204 0.281838
204 0.273887
204 0.275963
204 0.278496
204 0.381966
204 0.275777
204 0.280626
204 0.277690
204 0.371715
204 0.372083
204 0.282751
204 0.280976
204 0.282783
204 0.280933
204 0.375122
204 0.280896
204 0.296712
204 0.385497
204 0.280785
204 0.386083
204 0.282244
204 0.279307
204 0.285074
204 0.280838
204 0.383155
204 0.384207
204 0.376349
204 0.377373
204 0.378156
204 0.377502
204 0.282400
204 0.281566
204 0.281495
204 0.382352
204 0.386032
204 0.385877
204 0.287904
204 0.289979
204 0.289060
204 0.287727
204 0.281209
204 0.287001
204 0.385437
204 0.385515
204 0.386388
204 0.283557
204 0.284219
204 0.388400
204 0.284339
204 0.283737
204 0.284415
204 0.387701
204 0.379291
204 0.283117
204 0.283188
204 0.283166
204 0.381239
204 0.286088
204 0.284028
204 0.380330
204 0.284398
204 0.381813
204 0.277600
204 0.278108
204 0.283477
204 0.274684
204 0.274333
204 0.274362
204 0.383008
204 0.274916
204 0.381867
204 0.278833
204 0.277393
204 0.279438
204 0.279347
204 0.280770
204 0.378299
204 0.279370
204 0.378555
204 0.280864
204 0.280839
204 0.281702
204 0.281548
204 0.280183
204 0.281387
204 0.280573
204 0.280867
204 0.280359
204 0.281457
204 0.280229
204 0.283757
204 0.284205
204 0.279021
204 0.278462
204 0.277644
204 0.280135
204 0.278586
204 0.280661
204 0.277963
204 0.282015
204 0.278358
204 0.279465
204 0.276607
204 0.275422
204 0.274718
204 0.275568
204 0.280969
204 0.274878
204 0.278204
204 0.275586
204 0.280748
204 0.372514
204 0.275677
204 0.274612
204 0.275570
204 0.280008
204 0.277872
204 0.274495
204 0.274132
204 0.278837
204 0.280954
204 0.373055
204 0.374274
204 0.278291
204 0.278201
204 0.278277
204 0.373033
204 0.279497
204 0.376806
204 0.279467
204 0.280348
204 0.278702
204 0.281739
204 0.381353
204 0.278790
204 0.278847
204 0.383160
204 0.381275
204 0.378339
204 0.280865
204 0.282769
204 0.280264
204 0.280249
204 0.280871
204 0.382123
204 0.380826
204 0.286259
204 0.282842
204 0.277665
204 0.380569
204 0.280728
204 0.280045
204 0.281380
204 0.280578
204 0.279650
204 0.281778
204 0.281140
204 0.279788
204 0.282844
204 0.285782
204 0.284272
204 0.284297
204 0.285816
204 0.285572
204 0.285662
204 0.293409
204 0.286296
204 0.377717
204 0.277889
204 0.278023
204 0.280164
204 0.278663
204 0.280475
204 0.280458
204 0.280689
204 0.278896
204 0.278826
204 0.279576
204 0.279284
204 0.278563
204 0.380550
204 0.286606
204 0.279521
204 0.278585
204 0.279568
204 0.278555
204 0.278556
204 0.375593
204 0.273940
204 0.274785
204 0.275481
204 0.275474
204 0.272806
204 0.272949
204 0.275651
204 0.273446
204 0.282414
204 0.280927
204 0.282004
204 0.285624
204 0.287036
204 0.283031
204 0.282391
204 0.283168
204 0.286067
204 0.283178
204 0.280139
204 0.285293
204 0.281294
204 0.285362
204 0.282223
204 0.285371
204 0.281287
204 0.382463
204 0.281327
204 0.380660
204 0.283370
204 0.288256
204 0.283929
204 0.286497
204 0.286428
204 0.283745
204 0.284209
204 0.383435
204 0.378137
204 0.282923
204 0.280404
204 0.280850
204 0.382424
204 0.385892
204 0.377748
204 0.384098
204 0.382692
204 0.382801
204 0.384770
204 0.285297
204 0.286140
204 0.284118
204 0.385161
204 0.382631
204 0.382996
204 0.386569
204 0.282676
204 0.282832
204 0.384321
204 0.383833
204 0.383042
204 0.281627
204 0.282863
204 0.280846
204 0.281838
204 0.282247
204 0.378095
204 0.287351
204 0.378077
204 0.378147
204 0.378151
204 0.378985
204 0.282482
204 0.281142
204 0.285939
204 0.279081
204 0.385687
204 0.279116
204 0.287633
204 0.282469
204 0.282384
204 0.282544
204 0.288786
204 0.272684
204 0.273724
204 0.274723
204 0.275117
204 0.273867
204 0.273507
204 0.274436
204 0.272783
204 0.275994
204 0.373352
204 0.277777
204 0.281670
204 0.282979
204 0.282084
204 0.280483
204 0.282069
204 0.280483
204 0.282173
204 0.371659
204 0.377280
204 0.282801
204 0.278658
204 0.276786
204 0.278679
204 0.276474
204 0.279239
204 0.278286
204 0.279652
204 0.279181
204 0.285004
204 0.286015
204 0.285345
204 0.285433
204 0.376139
204 0.285586
204 0.287847
204 0.293278
204 0.381334
204 0.284186
204 0.284163
204 0.284770
204 0.383743
204 0.281622
204 0.281535
204 0.281664
204 0.378049
204 0.384997
204 0.395262
204 0.296581
204 0.296666
204 0.301531
204 0.298585
204 0.372846
204 0.376167
204 0.388774
204 0.378966
204 0.383219
204 0.374200
204 0.474611
204 0.372831
204 0.482130
204 0.378967
204 0.377698
204 0.377768
204 0.381518
204 0.379613
204 0.385252
204 0.380719
204 0.384717
204 0.381871
204 0.382209
204 0.189965
204 0.382578
204 0.383325
204 0.272700
204 0.384738
204 0.292803
204 0.372828
204 0.372945
204 0.384899
204 0.291778
204 0.291739
204 0.372918
204 0.487143
204 0.292444
204 0.375100
204 0.285564
204 0.284453
204 0.286233
204 0.280001
204 0.283255
204 0.288300
204 0.288371
204 0.283215
204 0.284542
204 0.489463
204 0.275855
204 0.274420
204 0.379850
204 0.276884
204 0.273961
204 0.276982
204 0.275805
204 0.275850
204 0.276175
204 0.374343
204 0.274631
204 0.279834
204 0.276400
204 0.280023
204 0.279877
204 0.275910
204 0.275986
204 0.278505
204 0.279227
204 0.277733
204 0.277780
204 0.375655
204 0.281519
204 0.285863
204 0.278987
204 0.181371
204 0.277976
204 0.373846
204 0.283262
204 0.281227
204 0.284586
204 0.380581
204 0.283571
204 0.284829
204 0.378145
204 0.474968
204 0.281271
204 0.277845
204 0.279115
204 0.380763
204 0.279035
204 0.280795
204 0.280847
204 0.290195
204 0.281034
204 0.286949
204 0.382977
204 0.279069
204 0.279444
204 0.281044
204 0.278705
204 0.278731
204 0.279442
204 0.281291
204 0.278813
204 0.280975
204 0.380430
204 0.280038
204 0.278001
204 0.277951
204 0.279549
204 0.288589
204 0.279571
204 0.279473
204 0.278859
204 0.294187
204 0.377822
204 0.277734
204 0.278312
204 0.272034
204 0.271626
204 0.274000
204 0.275938
204 0.283220
204 0.276895
204 0.286429
204 0.283043
