204 0.022570
204 0.078796
204 0.079837
204 0.080852
204 0.085634
204 0.077918
204 0.081269
204 0.085691
204 0.081364
204 0.079387
204 0.084803
204 0.172116
204 0.173057
204 0.180088
204 0.173718
204 0.177759
204 0.176886
204 0.174107
204 0.279147
204 0.274747
204 0.281943
204 0.365066
204 0.371019
204 0.371884
204 0.182731
204 0.372223
204 0.381269
204 0.381338
204 0.302307
204 0.467107
204 0.381904
204 0.471243
204 0.391602
204 0.386116
204 0.457996
204 0.387424
204 0.481253
204 0.483387
204 0.381083
204 0.381370
204 0.381504
204 0.483246
204 0.381790
204 0.483302
204 0.570692
204 0.482522
204 0.484613
204 0.485121
204 0.379900
204 0.384499
204 0.362602
204 0.373535
204 0.475108
204 0.380648
204 0.399578
204 0.295220
204 0.467309
204 0.474714
204 0.467279
204 0.374858
204 0.170504
204 0.375140
204 0.379859
204 0.385626
204 0.375444
204 0.379786
204 0.376690
204 0.377362
204 0.376666
204 0.377574
204 0.379720
204 0.378000
204 0.376714
204 0.385294
204 0.376384
204 0.376963
204 0.583571
204 0.685307
204 0.277682
204 0.377143
204 0.586150
204 0.285752
204 0.289316
204 0.199728
204 0.303124
204 0.381109
204 0.278527
204 0.279376
204 0.280931
204 0.191755
204 0.292138
204 0.085088
204 0.092281
204 0.399000
204 0.197250
204 0.378614
204 0.378284
204 0.278309
204 0.178116
204 0.379665
204 0.179685
204 0.381002
204 0.176876
204 0.187182
204 0.381246
204 0.382589
204 0.280300
204 0.384622
204 0.394898
204 0.195940
204 0.292830
204 0.302698
204 0.404748
204 0.377288
204 0.187243
204 0.383980
204 0.279582
204 0.290511
204 0.383984
204 0.485138
204 0.304870
204 0.391307
204 0.294397
204 0.182441
204 0.486127
204 0.395268
204 0.303265
204 0.199442
204 0.180420
204 0.381674
204 0.277814
204 0.278386
204 0.278780
204 0.477740
204 0.277442
204 0.277440
204 0.287461
204 0.198489
204 0.363641
204 0.278102
204 0.177229
204 0.173777
204 0.490277
204 0.291004
204 0.097719
204 0.286129
204 0.396200
204 0.399953
204 0.375035
204 0.182672
204 0.366328
204 0.376248
204 0.587070
204 0.480620
204 0.376315
204 0.376378
204 0.369187
204 0.575315
204 0.282108
204 0.482489
204 0.289466
204 0.374622
204 0.380217
204 0.568763
204 0.380222
204 0.268954
204 0.380844
204 0.371412
204 0.382822
204 0.294795
204 0.382719
204 0.367967
204 0.181948
204 0.367990
204 0.382802
204 0.383170
204 0.190464
204 0.385707
204 0.391576
204 0.186288
204 0.186327
204 0.392641
204 0.185764
204 0.184334
204 0.201870
204 0.485272
204 0.572456
204 0.383989
204 0.488665
204 0.392250
204 0.394210
204 0.390814
204 0.588862
204 0.376139
204 0.171810
204 0.380487
204 0.588655
204 0.487133
204 0.577665
204 0.381677
204 0.379706
204 0.379658
204 0.379453
204 0.378361
204 0.379179
204 0.386100
204 0.389787
204 0.388398
204 0.273212
204 0.371429
204 0.576061
204 0.371933
204 0.377487
204 0.380558
204 0.190490
204 0.290624
204 0.292555
204 0.292562
204 0.289488
204 0.371116
204 0.465025
204 0.180076
204 0.282162
204 0.375356
204 0.479337
204 0.295596
204 0.283268
204 0.388564
204 0.384547
204 0.286792
204 0.208083
204 0.415441
204 0.322328
204 0.477729
204 0.382967
204 0.391790
204 0.294020
204 0.584118
204 0.193827
204 0.087445
204 0.392336
204 0.298128
204 0.299950
204 0.372142
204 0.383705
204 0.384883
204 0.384968
204 0.384964
204 0.297948
204 0.289941
204 0.195192
204 0.274661
204 0.381071
204 0.274767
204 0.380997
204 0.380362
204 0.381047
204 0.580940
204 0.350761
204 0.350746
204 0.345051
204 0.175132
204 0.576709
204 0.576949
204 0.188494
204 0.281860
204 0.370853
204 0.372886
204 0.388311
204 0.380337
204 0.276396
204 0.378908
204 0.376800
204 0.293211
204 0.377563
204 0.487372
204 0.373907
204 0.385650
204 0.385632
204 0.296497
204 0.299796
204 0.299735
204 0.300783
204 0.184191
204 0.380626
204 0.572165
204 0.579314
204 0.390816
204 0.293536
204 0.295099
204 0.292495
204 0.293219
204 0.295095
204 0.293232
204 0.290498
204 0.293141
204 0.195900
204 0.293650
204 0.189060
204 0.380498
204 0.590702
204 0.393047
204 0.277141
204 0.386491
204 0.277227
204 0.386865
204 0.386900
204 0.300670
204 0.381938
204 0.380334
204 0.269960
204 0.385064
204 0.480714
204 0.371546
204 0.346694
204 0.345618
204 0.147146
204 0.378473
204 0.369543
204 0.373032
204 0.382371
204 0.387033
204 0.372777
204 0.373401
204 0.396265
204 0.383454
204 0.285609
204 0.269549
204 0.374949
204 0.118878
204 0.280801
204 0.282096
204 0.378700
204 0.282680
204 0.100892
204 0.286653
204 0.286834
204 0.286262
204 0.371481
204 0.581458
204 0.284686
204 0.292587
204 0.292646
204 0.294746
204 0.224470
204 0.310301
204 0.276044
204 0.286326
204 0.287816
204 0.288854
204 0.392534
204 0.476633
204 0.288307
204 0.297905
204 0.293204
204 0.103621
204 0.187932
204 0.278518
204 0.288174
204 0.282303
204 0.284521
204 0.284321
204 0.286511
204 0.281740
204 0.400950
204 0.291137
204 0.184984
204 0.285542
204 0.383823
204 0.487652
204 0.293387
204 0.292644
204 0.383868
204 0.288747
204 0.198994
204 0.186835
204 0.297234
204 0.194099
204 0.280467
204 0.280481
204 0.287253
204 0.374294
204 0.279399
204 0.378955
204 0.280490
204 0.484393
204 0.287857
204 0.280411
204 0.280684
204 0.276507
204 0.294363
204 0.191785
204 0.199150
204 0.371161
204 0.272887
204 0.275024
204 0.291932
204 0.280863
204 0.489101
204 0.481746
204 0.288325
204 0.092363
204 0.178914
204 0.383271
204 0.287523
204 0.376292
204 0.176754
204 0.495067
204 0.405177
204 0.195042
204 0.102141
204 0.496963
204 0.405388
204 0.193575
204 0.284699
204 0.394619
204 0.281327
204 0.297775
204 0.493514
204 0.297505
204 0.305798
204 0.298049
204 0.206003
204 0.375727
204 0.276934
204 0.486568
204 0.281308
204 0.281330
204 0.287610
204 0.298806
204 0.196744
204 0.390755
204 0.382604
204 0.273372
204 0.285904
204 0.286828
204 0.294960
204 0.385029
204 0.399823
204 0.404044
204 0.404837
204 0.285819
204 0.285333
204 0.465928
204 0.466645
204 0.378160
204 0.080348
204 0.378353
204 0.471585
204 0.484822
204 0.487659
204 0.476456
204 0.578853
204 0.476593
204 0.587125
204 0.300494
204 0.475981
204 0.185615
204 0.476729
204 0.489826
204 0.381640
204 0.489020
204 0.380999
204 0.665365
204 0.366306
204 0.574749
204 0.364621
204 0.478039
204 0.502936
204 0.394263
204 0.178744
204 0.384545
204 0.181093
204 0.465750
204 0.378227
204 0.283211
204 0.289113
204 0.477546
204 0.368800
204 0.379547
204 0.477598
204 0.790255
204 0.381643
204 0.384324
204 0.386638
204 0.289275
204 0.387982
204 0.504353
204 0.315031
204 0.618462
204 0.413590
204 0.414910
204 0.414903
204 0.618260
204 0.322948
204 0.323198
204 0.577841
204 0.291094
204 0.289491
204 0.365724
204 0.365772
204 0.199049
204 0.388824
204 0.281880
204 0.281920
204 0.388241
204 0.378788
204 0.489996
204 0.381496
204 0.287226
204 0.286994
204 0.199041
204 0.199085
204 0.405864
204 0.297682
204 0.173534
204 0.381876
204 0.283328
204 0.257602
204 0.257558
204 0.259912
204 0.096192
204 0.200541
204 0.346249
204 0.349483
204 0.349464
204 0.354354
204 0.346214
204 0.281164
204 0.287141
204 0.284473
204 0.095338
204 0.196313
204 0.296934
204 0.190983
204 0.098439
204 0.196357
204 0.097559
204 0.191055
204 0.379069
204 0.267600
204 0.277290
204 0.080653
204 0.281556
204 0.380001
204 0.366665
204 0.274747
204 0.375284
204 0.184471
204 0.383540
204 0.191528
204 0.286968
204 0.287352
204 0.390736
204 0.381976
204 0.104062
204 0.381845
204 0.199548
204 0.201987
204 0.267534
204 0.267816
204 0.273184
204 0.297209
204 0.282378
204 0.287274
204 0.283492
204 0.367345
204 0.167034
204 0.370779
204 0.386313
204 0.395428
204 0.288608
204 0.194544
204 0.183991
204 0.197120
204 0.389797
204 0.270917
204 0.286441
204 0.275600
204 0.275825
204 0.284069
204 0.286348
204 0.297585
204 0.106089
204 0.300661
204 0.191239
204 0.386620
204 0.385460
204 0.490454
204 0.290233
204 0.290478
204 0.302660
204 0.099765
204 0.302708
204 0.290628
204 0.407247
204 0.289272
204 0.489989
204 0.292957
204 0.291471
204 0.291045
204 0.294796
204 0.392320
204 0.201967
204 0.276974
204 0.277488
204 0.281187
204 0.271806
204 0.275944
204 0.397470
204 0.284983
204 0.392117
204 0.095889
204 0.285028
204 0.183132
204 0.083496
204 0.285901
204 0.267042
204 0.268957
204 0.286189
204 0.280292
204 0.287986
204 0.281912
204 0.293580
204 0.282103
204 0.293718
204 0.101357
204 0.683368
204 0.282661
204 0.281518
204 0.281483
204 0.381063
204 0.373224
204 0.373488
204 0.289998
204 0.274633
204 0.284492
204 0.280266
204 0.296427
204 0.280227
204 0.373364
204 0.388956
204 0.375127
204 0.387200
204 0.377562
204 0.476278
204 0.276924
204 0.378100
204 0.276350
204 0.303330
204 0.305111
204 0.097523
204 0.292215
204 0.293553
204 0.201565
204 0.377292
204 0.371756
204 0.295728
204 0.290856
204 0.195242
204 0.099849
204 0.282466
204 0.475665
204 0.393437
204 0.287501
204 0.290578
204 0.387508
204 0.287704
204 0.299426
204 0.508935
204 0.206942
204 0.286558
204 0.286849
204 0.286180
204 0.287068
204 0.382809
204 0.277911
204 0.282818
204 0.296331
204 0.362528
204 0.270857
204 0.281913
204 0.367142
204 0.384105
204 0.293819
204 0.285166
204 0.292438
204 0.395749
204 0.286933
204 0.180744
204 0.461757
204 0.264057
204 0.279095
204 0.272177
204 0.279219
204 0.283859
204 0.290540
204 0.283490
204 0.269795
204 0.264933
204 0.272797
204 0.362135
204 0.279881
204 0.568187
204 0.200973
204 0.370098
204 0.377385
204 0.286687
204 0.377442
204 0.477019
204 0.383267
204 0.292520
204 0.293420
204 0.301666
204 0.103861
204 0.376536
204 0.375372
204 0.288250
204 0.377084
204 0.289383
204 0.383157
204 0.298867
204 0.295239
204 0.305052
204 0.297455
204 0.297291
204 0.302431
204 0.175177
204 0.175112
204 0.270657
204 0.173448
204 0.295396
204 0.077704
204 0.298242
204 0.182656
204 0.298253
204 0.093001
204 0.298486
204 0.176885
204 0.570605
204 0.273816
204 0.288627
204 0.587102
204 0.174111
204 0.396221
204 0.280964
204 0.288780
204 0.190253
204 0.376791
204 0.377284
204 0.278184
204 0.280770
204 0.104756
204 0.295363
204 0.104778
204 0.288597
204 0.295358
204 0.104827
204 0.207472
204 0.268063
204 0.268364
204 0.282405
204 0.282899
204 0.282136
204 0.282613
204 0.298309
204 0.377731
204 0.384571
204 0.385303
204 0.370937
204 0.279500
204 0.287109
204 0.287440
204 0.289348
204 0.289346
204 0.374536
204 0.564066
204 0.376975
204 0.270836
204 0.269627
204 0.278271
204 0.279396
204 0.296225
204 0.278879
204 0.296279
204 0.297601
204 0.367888
204 0.370146
204 0.368502
204 0.277859
204 0.279520
204 0.286492
204 0.287297
204 0.287798
204 0.202368
204 0.386099
204 0.386226
204 0.284555
204 0.290459
204 0.377614
